week,age,gender,year.x,covid19_deaths,year.y,value_20,value_pre,excess_deaths,deaths
Week 1,00-04,female,2021,0,2020,21,28,-7,28
Week 1,00-04,female,2021,0,2021,26,28,-2,28
Week 1,00-04,female,2020,0,2020,21,28,-7,28
Week 1,00-04,female,2020,0,2021,26,28,-2,28
Week 1,00-04,male,2021,0,2021,32,34,-2,34
Week 1,00-04,male,2021,0,2020,35,34,1,34
Week 1,00-04,male,2020,0,2021,32,34,-2,34
Week 1,00-04,male,2020,0,2020,35,34,1,34
Week 1,05-09,female,2021,2,2020,2,3,-1,3
Week 1,05-09,female,2021,2,2021,3,3,0,3
Week 1,05-09,female,2020,2,2020,2,3,-1,3
Week 1,05-09,female,2020,2,2021,3,3,0,3
Week 1,05-09,male,2020,0,2021,1,3,-2,3
Week 1,05-09,male,2020,0,2020,2,3,-1,3
Week 1,05-09,male,2021,0,2021,1,3,-2,3
Week 1,05-09,male,2021,0,2020,2,3,-1,3
Week 1,10-14,female,2021,0,2020,3,2,1,2
Week 1,10-14,female,2021,0,2021,2,2,0,2
Week 1,10-14,female,2020,0,2020,3,2,1,2
Week 1,10-14,female,2020,0,2021,2,2,0,2
Week 1,10-14,male,2020,0,2021,0,3,-3,3
Week 1,10-14,male,2020,0,2020,1,3,-2,3
Week 1,10-14,male,2021,0,2021,0,3,-3,3
Week 1,10-14,male,2021,0,2020,1,3,-2,3
Week 1,15-19,female,2021,1,2021,4,5,-1,5
Week 1,15-19,female,2021,1,2020,1,5,-4,5
Week 1,15-19,female,2020,1,2021,4,5,-1,5
Week 1,15-19,female,2020,1,2020,1,5,-4,5
Week 1,15-19,male,2021,2,2020,5,13,-8,13
Week 1,15-19,male,2021,2,2021,11,13,-2,13
Week 1,15-19,male,2020,2,2020,5,13,-8,13
Week 1,15-19,male,2020,2,2021,11,13,-2,13
Week 1,20-24,female,2020,0,2020,4,8,-4,8
Week 1,20-24,female,2020,0,2021,6,8,-2,8
Week 1,20-24,female,2021,0,2020,4,8,-4,8
Week 1,20-24,female,2021,0,2021,6,8,-2,8
Week 1,20-24,male,2020,1,2021,17,15,2,15
Week 1,20-24,male,2020,1,2020,7,15,-8,15
Week 1,20-24,male,2021,1,2021,17,15,2,15
Week 1,20-24,male,2021,1,2020,7,15,-8,15
Week 1,25-29,female,2020,2,2021,11,11,0,11
Week 1,25-29,female,2020,2,2020,10,11,-1,11
Week 1,25-29,female,2021,2,2021,11,11,0,11
Week 1,25-29,female,2021,2,2020,10,11,-1,11
Week 1,25-29,male,2021,4,2021,18,25,-7,25
Week 1,25-29,male,2021,4,2020,7,25,-18,25
Week 1,25-29,male,2020,4,2021,18,25,-7,25
Week 1,25-29,male,2020,4,2020,7,25,-18,25
Week 1,30-34,female,2020,5,2020,11,20,-9,20
Week 1,30-34,female,2020,5,2021,25,20,5,20
Week 1,30-34,female,2021,5,2020,11,20,-9,20
Week 1,30-34,female,2021,5,2021,25,20,5,20
Week 1,30-34,male,2020,8,2021,32,32,0,32
Week 1,30-34,male,2020,8,2020,21,32,-11,32
Week 1,30-34,male,2021,8,2021,32,32,0,32
Week 1,30-34,male,2021,8,2020,21,32,-11,32
Week 1,35-39,female,2021,5,2021,23,27,-4,27
Week 1,35-39,female,2021,5,2020,22,27,-5,27
Week 1,35-39,female,2020,5,2021,23,27,-4,27
Week 1,35-39,female,2020,5,2020,22,27,-5,27
Week 1,35-39,male,2020,9,2021,49,45,4,45
Week 1,35-39,male,2020,9,2020,32,45,-13,45
Week 1,35-39,male,2021,9,2021,49,45,4,45
Week 1,35-39,male,2021,9,2020,32,45,-13,45
Week 1,40-44,female,2021,9,2021,47,44,3,44
Week 1,40-44,female,2021,9,2020,26,44,-18,44
Week 1,40-44,female,2020,9,2021,47,44,3,44
Week 1,40-44,female,2020,9,2020,26,44,-18,44
Week 1,40-44,male,2020,13,2021,60,70,-10,70
Week 1,40-44,male,2020,13,2020,43,70,-27,70
Week 1,40-44,male,2021,13,2021,60,70,-10,70
Week 1,40-44,male,2021,13,2020,43,70,-27,70
Week 1,45-49,female,2021,21,2020,53,71,-18,71
Week 1,45-49,female,2021,21,2021,89,71,18,71
Week 1,45-49,female,2020,21,2020,53,71,-18,71
Week 1,45-49,female,2020,21,2021,89,71,18,71
Week 1,45-49,male,2021,36,2020,62,129,-67,129
Week 1,45-49,male,2021,36,2021,142,129,13,129
Week 1,45-49,male,2020,36,2020,62,129,-67,129
Week 1,45-49,male,2020,36,2021,142,129,13,129
Week 1,50-54,female,2021,46,2020,102,123,-21,123
Week 1,50-54,female,2021,46,2021,155,123,32,123
Week 1,50-54,female,2020,46,2020,102,123,-21,123
Week 1,50-54,female,2020,46,2021,155,123,32,123
Week 1,50-54,male,2020,66,2021,237,174,63,174
Week 1,50-54,male,2020,66,2020,137,174,-37,174
Week 1,50-54,male,2021,66,2021,237,174,63,174
Week 1,50-54,male,2021,66,2020,137,174,-37,174
Week 1,55-59,female,2020,71,2021,208,166,42,166
Week 1,55-59,female,2020,71,2020,170,166,4,166
Week 1,55-59,female,2021,71,2021,208,166,42,166
Week 1,55-59,female,2021,71,2020,170,166,4,166
Week 1,55-59,male,2020,100,2021,339,231,108,231
Week 1,55-59,male,2020,100,2020,191,231,-40,231
Week 1,55-59,male,2021,100,2021,339,231,108,231
Week 1,55-59,male,2021,100,2020,191,231,-40,231
Week 1,60-64,female,2020,98,2021,325,235,90,235
Week 1,60-64,female,2020,98,2020,211,235,-24,235
Week 1,60-64,female,2021,98,2021,325,235,90,235
Week 1,60-64,female,2021,98,2020,211,235,-24,235
Week 1,60-64,male,2020,169,2020,275,331,-56,331
Week 1,60-64,male,2020,169,2021,483,331,152,331
Week 1,60-64,male,2021,169,2020,275,331,-56,331
Week 1,60-64,male,2021,169,2021,483,331,152,331
Week 1,65-69,female,2020,145,2020,281,358,-77,358
Week 1,65-69,female,2020,145,2021,435,358,77,358
Week 1,65-69,female,2021,145,2020,281,358,-77,358
Week 1,65-69,female,2021,145,2021,435,358,77,358
Week 1,65-69,male,2021,209,2020,415,485,-70,485
Week 1,65-69,male,2021,209,2021,662,485,177,485
Week 1,65-69,male,2020,209,2020,415,485,-70,485
Week 1,65-69,male,2020,209,2021,662,485,177,485
Week 1,70-74,female,2020,255,2021,797,505,292,505
Week 1,70-74,female,2020,255,2020,467,505,-38,505
Week 1,70-74,female,2021,255,2021,797,505,292,505
Week 1,70-74,female,2021,255,2020,467,505,-38,505
Week 1,70-74,male,2020,328,2020,697,679,18,679
Week 1,70-74,male,2020,328,2021,951,679,272,679
Week 1,70-74,male,2021,328,2020,697,679,18,679
Week 1,70-74,male,2021,328,2021,951,679,272,679
Week 1,75-79,female,2021,353,2021,1010,679,331,679
Week 1,75-79,female,2021,353,2020,709,679,30,679
Week 1,75-79,female,2020,353,2021,1010,679,331,679
Week 1,75-79,female,2020,353,2020,709,679,30,679
Week 1,75-79,male,2020,464,2020,826,826,0,826
Week 1,75-79,male,2020,464,2021,1274,826,448,826
Week 1,75-79,male,2021,464,2020,826,826,0,826
Week 1,75-79,male,2021,464,2021,1274,826,448,826
Week 1,80-84,female,2020,487,2020,996,1029,-33,1029
Week 1,80-84,female,2020,487,2021,1382,1029,353,1029
Week 1,80-84,female,2021,487,2020,996,1029,-33,1029
Week 1,80-84,female,2021,487,2021,1382,1029,353,1029
Week 1,80-84,male,2020,636,2021,1603,1030,573,1030
Week 1,80-84,male,2020,636,2020,1053,1030,23,1030
Week 1,80-84,male,2021,636,2021,1603,1030,573,1030
Week 1,80-84,male,2021,636,2020,1053,1030,23,1030
Week 1,85-89,female,2021,559,2020,1359,1341,18,1341
Week 1,85-89,female,2021,559,2021,1725,1341,384,1341
Week 1,85-89,female,2020,559,2020,1359,1341,18,1341
Week 1,85-89,female,2020,559,2021,1725,1341,384,1341
Week 1,85-89,male,2021,640,2021,1571,1068,503,1068
Week 1,85-89,male,2021,640,2020,1098,1068,30,1068
Week 1,85-89,male,2020,640,2021,1571,1068,503,1068
Week 1,85-89,male,2020,640,2020,1098,1068,30,1068
Week 1,90+,female,2020,777,2021,2556,1986,570,1986
Week 1,90+,female,2020,777,2020,1916,1986,-70,1986
Week 1,90+,female,2021,777,2021,2556,1986,570,1986
Week 1,90+,female,2021,777,2020,1916,1986,-70,1986
Week 1,90+,male,2021,536,2020,982,908,74,908
Week 1,90+,male,2021,536,2021,1440,908,532,908
Week 1,90+,male,2020,536,2020,982,908,74,908
Week 1,90+,male,2020,536,2021,1440,908,532,908
Week 10,00-04,female,2020,0,2021,27,25,2,25
Week 10,00-04,female,2020,0,2020,29,25,4,25
Week 10,00-04,female,2021,0,2021,27,25,2,25
Week 10,00-04,female,2021,0,2020,29,25,4,25
Week 10,00-04,male,2020,0,2021,42,35,7,35
Week 10,00-04,male,2020,0,2020,38,35,3,35
Week 10,00-04,male,2021,0,2021,42,35,7,35
Week 10,00-04,male,2021,0,2020,38,35,3,35
Week 10,05-09,female,2020,0,2021,3,3,0,3
Week 10,05-09,female,2020,0,2020,1,3,-2,3
Week 10,05-09,female,2021,0,2021,3,3,0,3
Week 10,05-09,female,2021,0,2020,1,3,-2,3
Week 10,05-09,male,2021,0,2021,3,2,1,2
Week 10,05-09,male,2021,0,2020,1,2,-1,2
Week 10,05-09,male,2020,0,2021,3,2,1,2
Week 10,05-09,male,2020,0,2020,1,2,-1,2
Week 10,10-14,female,2021,1,2020,5,1,4,1
Week 10,10-14,female,2021,1,2021,3,1,2,1
Week 10,10-14,female,2020,1,2020,5,1,4,1
Week 10,10-14,female,2020,1,2021,3,1,2,1
Week 10,10-14,male,2020,0,2020,2,3,-1,3
Week 10,10-14,male,2020,0,2021,3,3,0,3
Week 10,10-14,male,2021,0,2020,2,3,-1,3
Week 10,10-14,male,2021,0,2021,3,3,0,3
Week 10,15-19,female,2020,0,2021,4,8,-4,8
Week 10,15-19,female,2020,0,2020,8,8,0,8
Week 10,15-19,female,2021,0,2021,4,8,-4,8
Week 10,15-19,female,2021,0,2020,8,8,0,8
Week 10,15-19,male,2021,0,2021,8,10,-2,10
Week 10,15-19,male,2021,0,2020,13,10,3,10
Week 10,15-19,male,2020,0,2021,8,10,-2,10
Week 10,15-19,male,2020,0,2020,13,10,3,10
Week 10,20-24,female,2021,1,2020,7,6,1,6
Week 10,20-24,female,2021,1,2021,14,6,8,6
Week 10,20-24,female,2020,1,2020,7,6,1,6
Week 10,20-24,female,2020,1,2021,14,6,8,6
Week 10,20-24,male,2020,0,2020,16,18,-2,18
Week 10,20-24,male,2020,0,2021,9,18,-9,18
Week 10,20-24,male,2021,0,2020,16,18,-2,18
Week 10,20-24,male,2021,0,2021,9,18,-9,18
Week 10,25-29,female,2021,1,2021,15,11,4,11
Week 10,25-29,female,2021,1,2020,12,11,1,11
Week 10,25-29,female,2020,1,2021,15,11,4,11
Week 10,25-29,female,2020,1,2020,12,11,1,11
Week 10,25-29,male,2020,0,2020,27,16,11,16
Week 10,25-29,male,2020,0,2021,24,16,8,16
Week 10,25-29,male,2021,0,2020,27,16,11,16
Week 10,25-29,male,2021,0,2021,24,16,8,16
Week 10,30-34,female,2021,1,2020,20,17,3,17
Week 10,30-34,female,2021,1,2021,12,17,-5,17
Week 10,30-34,female,2020,1,2020,20,17,3,17
Week 10,30-34,female,2020,1,2021,12,17,-5,17
Week 10,30-34,male,2020,2,2021,39,33,6,33
Week 10,30-34,male,2020,2,2020,33,33,0,33
Week 10,30-34,male,2021,2,2021,39,33,6,33
Week 10,30-34,male,2021,2,2020,33,33,0,33
Week 10,35-39,female,2021,3,2021,22,22,0,22
Week 10,35-39,female,2021,3,2020,27,22,5,22
Week 10,35-39,female,2020,3,2021,22,22,0,22
Week 10,35-39,female,2020,3,2020,27,22,5,22
Week 10,35-39,male,2020,5,2020,45,42,3,42
Week 10,35-39,male,2020,5,2021,64,42,22,42
Week 10,35-39,male,2021,5,2020,45,42,3,42
Week 10,35-39,male,2021,5,2021,64,42,22,42
Week 10,40-44,female,2020,8,2021,48,41,7,41
Week 10,40-44,female,2020,8,2020,35,41,-6,41
Week 10,40-44,female,2021,8,2021,48,41,7,41
Week 10,40-44,female,2021,8,2020,35,41,-6,41
Week 10,40-44,male,2020,6,2020,69,61,8,61
Week 10,40-44,male,2020,6,2021,75,61,14,61
Week 10,40-44,male,2021,6,2020,69,61,8,61
Week 10,40-44,male,2021,6,2021,75,61,14,61
Week 10,45-49,female,2021,7,2020,62,68,-6,68
Week 10,45-49,female,2021,7,2021,75,68,7,68
Week 10,45-49,female,2020,7,2020,62,68,-6,68
Week 10,45-49,female,2020,7,2021,75,68,7,68
Week 10,45-49,male,2020,10,2020,93,99,-6,99
Week 10,45-49,male,2020,10,2021,108,99,9,99
Week 10,45-49,male,2021,10,2020,93,99,-6,99
Week 10,45-49,male,2021,10,2021,108,99,9,99
Week 10,50-54,female,2020,24,2020,105,100,5,100
Week 10,50-54,female,2020,24,2021,129,100,29,100
Week 10,50-54,female,2021,24,2020,105,100,5,100
Week 10,50-54,female,2021,24,2021,129,100,29,100
Week 10,50-54,male,2020,36,2020,153,147,6,147
Week 10,50-54,male,2020,36,2021,205,147,58,147
Week 10,50-54,male,2021,36,2020,153,147,6,147
Week 10,50-54,male,2021,36,2021,205,147,58,147
Week 10,55-59,female,2020,21,2020,138,151,-13,151
Week 10,55-59,female,2020,21,2021,166,151,15,151
Week 10,55-59,female,2021,21,2020,138,151,-13,151
Week 10,55-59,female,2021,21,2021,166,151,15,151
Week 10,55-59,male,2021,54,2020,220,216,4,216
Week 10,55-59,male,2021,54,2021,278,216,62,216
Week 10,55-59,male,2020,54,2020,220,216,4,216
Week 10,55-59,male,2020,54,2021,278,216,62,216
Week 10,60-64,female,2021,30,2020,203,197,6,197
Week 10,60-64,female,2021,30,2021,215,197,18,197
Week 10,60-64,female,2020,30,2020,203,197,6,197
Week 10,60-64,female,2020,30,2021,215,197,18,197
Week 10,60-64,male,2020,61,2020,278,306,-28,306
Week 10,60-64,male,2020,61,2021,350,306,44,306
Week 10,60-64,male,2021,61,2020,278,306,-28,306
Week 10,60-64,male,2021,61,2021,350,306,44,306
Week 10,65-69,female,2021,44,2021,278,300,-22,300
Week 10,65-69,female,2021,44,2020,291,300,-9,300
Week 10,65-69,female,2020,44,2021,278,300,-22,300
Week 10,65-69,female,2020,44,2020,291,300,-9,300
Week 10,65-69,male,2021,88,2020,388,444,-56,444
Week 10,65-69,male,2021,88,2021,423,444,-21,444
Week 10,65-69,male,2020,88,2020,388,444,-56,444
Week 10,65-69,male,2020,88,2021,423,444,-21,444
Week 10,70-74,female,2020,59,2021,473,446,27,446
Week 10,70-74,female,2020,59,2020,444,446,-2,446
Week 10,70-74,female,2021,59,2021,473,446,27,446
Week 10,70-74,female,2021,59,2020,444,446,-2,446
Week 10,70-74,male,2021,89,2020,646,605,41,605
Week 10,70-74,male,2021,89,2021,655,605,50,605
Week 10,70-74,male,2020,89,2020,646,605,41,605
Week 10,70-74,male,2020,89,2021,655,605,50,605
Week 10,75-79,female,2020,67,2020,600,607,-7,607
Week 10,75-79,female,2020,67,2021,616,607,9,607
Week 10,75-79,female,2021,67,2020,600,607,-7,607
Week 10,75-79,female,2021,67,2021,616,607,9,607
Week 10,75-79,male,2021,120,2020,725,730,-5,730
Week 10,75-79,male,2021,120,2021,803,730,73,730
Week 10,75-79,male,2020,120,2020,725,730,-5,730
Week 10,75-79,male,2020,120,2021,803,730,73,730
Week 10,80-84,female,2020,108,2021,832,882,-50,882
Week 10,80-84,female,2020,108,2020,860,882,-22,882
Week 10,80-84,female,2021,108,2021,832,882,-50,882
Week 10,80-84,female,2021,108,2020,860,882,-22,882
Week 10,80-84,male,2021,124,2021,848,949,-101,949
Week 10,80-84,male,2021,124,2020,938,949,-11,949
Week 10,80-84,male,2020,124,2021,848,949,-101,949
Week 10,80-84,male,2020,124,2020,938,949,-11,949
Week 10,85-89,female,2021,142,2020,1037,1162,-125,1162
Week 10,85-89,female,2021,142,2021,1043,1162,-119,1162
Week 10,85-89,female,2020,142,2020,1037,1162,-125,1162
Week 10,85-89,female,2020,142,2021,1043,1162,-119,1162
Week 10,85-89,male,2021,123,2021,851,935,-84,935
Week 10,85-89,male,2021,123,2020,932,935,-3,935
Week 10,85-89,male,2020,123,2021,851,935,-84,935
Week 10,85-89,male,2020,123,2020,932,935,-3,935
Week 10,90+,female,2020,164,2020,1550,1711,-161,1711
Week 10,90+,female,2020,164,2021,1436,1711,-275,1711
Week 10,90+,female,2021,164,2020,1550,1711,-161,1711
Week 10,90+,female,2021,164,2021,1436,1711,-275,1711
Week 10,90+,male,2021,102,2021,788,833,-45,833
Week 10,90+,male,2021,102,2020,841,833,8,833
Week 10,90+,male,2020,102,2021,788,833,-45,833
Week 10,90+,male,2020,102,2020,841,833,8,833
Week 11,00-04,female,2021,0,2020,37,23,14,23
Week 11,00-04,female,2021,0,2021,33,23,10,23
Week 11,00-04,female,2020,0,2020,37,23,14,23
Week 11,00-04,female,2020,0,2021,33,23,10,23
Week 11,00-04,male,2020,0,2020,29,34,-5,34
Week 11,00-04,male,2020,0,2021,24,34,-10,34
Week 11,00-04,male,2021,0,2020,29,34,-5,34
Week 11,00-04,male,2021,0,2021,24,34,-10,34
Week 11,05-09,female,2021,0,2021,1,1,0,1
Week 11,05-09,female,2021,0,2020,2,1,1,1
Week 11,05-09,female,2020,0,2021,1,1,0,1
Week 11,05-09,female,2020,0,2020,2,1,1,1
Week 11,05-09,male,2021,0,2020,1,2,-1,2
Week 11,05-09,male,2021,0,2021,1,2,-1,2
Week 11,05-09,male,2020,0,2020,1,2,-1,2
Week 11,05-09,male,2020,0,2021,1,2,-1,2
Week 11,10-14,female,2021,0,2021,5,3,2,3
Week 11,10-14,female,2021,0,2020,4,3,1,3
Week 11,10-14,female,2020,0,2021,5,3,2,3
Week 11,10-14,female,2020,0,2020,4,3,1,3
Week 11,10-14,male,2020,1,2021,2,4,-2,4
Week 11,10-14,male,2020,1,2020,2,4,-2,4
Week 11,10-14,male,2021,1,2021,2,4,-2,4
Week 11,10-14,male,2021,1,2020,2,4,-2,4
Week 11,15-19,female,2020,0,2021,4,4,0,4
Week 11,15-19,female,2020,0,2020,5,4,1,4
Week 11,15-19,female,2021,0,2021,4,4,0,4
Week 11,15-19,female,2021,0,2020,5,4,1,4
Week 11,15-19,male,2021,0,2021,11,10,1,10
Week 11,15-19,male,2021,0,2020,13,10,3,10
Week 11,15-19,male,2020,0,2021,11,10,1,10
Week 11,15-19,male,2020,0,2020,13,10,3,10
Week 11,20-24,female,2020,0,2021,9,7,2,7
Week 11,20-24,female,2020,0,2020,13,7,6,7
Week 11,20-24,female,2021,0,2021,9,7,2,7
Week 11,20-24,female,2021,0,2020,13,7,6,7
Week 11,20-24,male,2021,0,2020,26,19,7,19
Week 11,20-24,male,2021,0,2021,14,19,-5,19
Week 11,20-24,male,2020,0,2020,26,19,7,19
Week 11,20-24,male,2020,0,2021,14,19,-5,19
Week 11,25-29,female,2021,0,2021,11,12,-1,12
Week 11,25-29,female,2021,0,2020,9,12,-3,12
Week 11,25-29,female,2020,0,2021,11,12,-1,12
Week 11,25-29,female,2020,0,2020,9,12,-3,12
Week 11,25-29,male,2020,0,2020,20,21,-1,21
Week 11,25-29,male,2020,0,2021,21,21,0,21
Week 11,25-29,male,2021,0,2020,20,21,-1,21
Week 11,25-29,male,2021,0,2021,21,21,0,21
Week 11,30-34,female,2021,0,2021,23,16,7,16
Week 11,30-34,female,2021,0,2020,14,16,-2,16
Week 11,30-34,female,2020,0,2021,23,16,7,16
Week 11,30-34,female,2020,0,2020,14,16,-2,16
Week 11,30-34,male,2021,1,2021,25,27,-2,27
Week 11,30-34,male,2021,1,2020,41,27,14,27
Week 11,30-34,male,2020,1,2021,25,27,-2,27
Week 11,30-34,male,2020,1,2020,41,27,14,27
Week 11,35-39,female,2020,1,2021,21,26,-5,26
Week 11,35-39,female,2020,1,2020,32,26,6,26
Week 11,35-39,female,2021,1,2021,21,26,-5,26
Week 11,35-39,female,2021,1,2020,32,26,6,26
Week 11,35-39,male,2021,4,2020,48,42,6,42
Week 11,35-39,male,2021,4,2021,61,42,19,42
Week 11,35-39,male,2020,4,2020,48,42,6,42
Week 11,35-39,male,2020,4,2021,61,42,19,42
Week 11,40-44,female,2020,3,2020,40,35,5,35
Week 11,40-44,female,2020,3,2021,42,35,7,35
Week 11,40-44,female,2021,3,2020,40,35,5,35
Week 11,40-44,female,2021,3,2021,42,35,7,35
Week 11,40-44,male,2020,4,2020,50,60,-10,60
Week 11,40-44,male,2020,4,2021,63,60,3,60
Week 11,40-44,male,2021,4,2020,50,60,-10,60
Week 11,40-44,male,2021,4,2021,63,60,3,60
Week 11,45-49,female,2021,8,2021,58,68,-10,68
Week 11,45-49,female,2021,8,2020,70,68,2,68
Week 11,45-49,female,2020,8,2021,58,68,-10,68
Week 11,45-49,female,2020,8,2020,70,68,2,68
Week 11,45-49,male,2021,11,2021,119,107,12,107
Week 11,45-49,male,2021,11,2020,109,107,2,107
Week 11,45-49,male,2020,11,2021,119,107,12,107
Week 11,45-49,male,2020,11,2020,109,107,2,107
Week 11,50-54,female,2020,10,2020,92,103,-11,103
Week 11,50-54,female,2020,10,2021,93,103,-10,103
Week 11,50-54,female,2021,10,2020,92,103,-11,103
Week 11,50-54,female,2021,10,2021,93,103,-10,103
Week 11,50-54,male,2021,13,2021,194,146,48,146
Week 11,50-54,male,2021,13,2020,168,146,22,146
Week 11,50-54,male,2020,13,2021,194,146,48,146
Week 11,50-54,male,2020,13,2020,168,146,22,146
Week 11,55-59,female,2020,17,2020,155,138,17,138
Week 11,55-59,female,2020,17,2021,183,138,45,138
Week 11,55-59,female,2021,17,2020,155,138,17,138
Week 11,55-59,female,2021,17,2021,183,138,45,138
Week 11,55-59,male,2020,36,2020,246,217,29,217
Week 11,55-59,male,2020,36,2021,246,217,29,217
Week 11,55-59,male,2021,36,2020,246,217,29,217
Week 11,55-59,male,2021,36,2021,246,217,29,217
Week 11,60-64,female,2021,29,2020,204,197,7,197
Week 11,60-64,female,2021,29,2021,220,197,23,197
Week 11,60-64,female,2020,29,2020,204,197,7,197
Week 11,60-64,female,2020,29,2021,220,197,23,197
Week 11,60-64,male,2021,52,2021,341,286,55,286
Week 11,60-64,male,2021,52,2020,296,286,10,286
Week 11,60-64,male,2020,52,2021,341,286,55,286
Week 11,60-64,male,2020,52,2020,296,286,10,286
Week 11,65-69,female,2020,27,2020,261,300,-39,300
Week 11,65-69,female,2020,27,2021,284,300,-16,300
Week 11,65-69,female,2021,27,2020,261,300,-39,300
Week 11,65-69,female,2021,27,2021,284,300,-16,300
Week 11,65-69,male,2021,50,2021,401,435,-34,435
Week 11,65-69,male,2021,50,2020,424,435,-11,435
Week 11,65-69,male,2020,50,2021,401,435,-34,435
Week 11,65-69,male,2020,50,2020,424,435,-11,435
Week 11,70-74,female,2020,44,2021,452,441,11,441
Week 11,70-74,female,2020,44,2020,443,441,2,441
Week 11,70-74,female,2021,44,2021,452,441,11,441
Week 11,70-74,female,2021,44,2020,443,441,2,441
Week 11,70-74,male,2021,59,2021,651,581,70,581
Week 11,70-74,male,2021,59,2020,625,581,44,581
Week 11,70-74,male,2020,59,2021,651,581,70,581
Week 11,70-74,male,2020,59,2020,625,581,44,581
Week 11,75-79,female,2020,48,2021,567,602,-35,602
Week 11,75-79,female,2020,48,2020,618,602,16,602
Week 11,75-79,female,2021,48,2021,567,602,-35,602
Week 11,75-79,female,2021,48,2020,618,602,16,602
Week 11,75-79,male,2020,70,2020,748,734,14,734
Week 11,75-79,male,2020,70,2021,683,734,-51,734
Week 11,75-79,male,2021,70,2020,748,734,14,734
Week 11,75-79,male,2021,70,2021,683,734,-51,734
Week 11,80-84,female,2021,58,2020,834,878,-44,878
Week 11,80-84,female,2021,58,2021,792,878,-86,878
Week 11,80-84,female,2020,58,2020,834,878,-44,878
Week 11,80-84,female,2020,58,2021,792,878,-86,878
Week 11,80-84,male,2021,89,2020,904,884,20,884
Week 11,80-84,male,2021,89,2021,845,884,-39,884
Week 11,80-84,male,2020,89,2020,904,884,20,884
Week 11,80-84,male,2020,89,2021,845,884,-39,884
Week 11,85-89,female,2021,80,2021,911,1136,-225,1136
Week 11,85-89,female,2021,80,2020,1016,1136,-120,1136
Week 11,85-89,female,2020,80,2021,911,1136,-225,1136
Week 11,85-89,female,2020,80,2020,1016,1136,-120,1136
Week 11,85-89,male,2021,78,2021,834,884,-50,884
Week 11,85-89,male,2021,78,2020,935,884,51,884
Week 11,85-89,male,2020,78,2021,834,884,-50,884
Week 11,85-89,male,2020,78,2020,935,884,51,884
Week 11,90+,female,2021,109,2020,1598,1651,-53,1651
Week 11,90+,female,2021,109,2021,1343,1651,-308,1651
Week 11,90+,female,2020,109,2020,1598,1651,-53,1651
Week 11,90+,female,2020,109,2021,1343,1651,-308,1651
Week 11,90+,male,2021,66,2020,885,776,109,776
Week 11,90+,male,2021,66,2021,723,776,-53,776
Week 11,90+,male,2020,66,2020,885,776,109,776
Week 11,90+,male,2020,66,2021,723,776,-53,776
Week 12,00-04,female,2021,0,2021,26,26,0,26
Week 12,00-04,female,2021,0,2020,19,26,-7,26
Week 12,00-04,female,2020,0,2021,26,26,0,26
Week 12,00-04,female,2020,0,2020,19,26,-7,26
Week 12,00-04,male,2021,0,2021,34,37,-3,37
Week 12,00-04,male,2021,0,2020,27,37,-10,37
Week 12,00-04,male,2020,0,2021,34,37,-3,37
Week 12,00-04,male,2020,0,2020,27,37,-10,37
Week 12,05-09,female,2021,0,2021,2,2,0,2
Week 12,05-09,female,2021,0,2020,3,2,1,2
Week 12,05-09,female,2020,0,2021,2,2,0,2
Week 12,05-09,female,2020,0,2020,3,2,1,2
Week 12,05-09,male,2020,0,2021,1,2,-1,2
Week 12,05-09,male,2020,0,2020,3,2,1,2
Week 12,05-09,male,2021,0,2021,1,2,-1,2
Week 12,05-09,male,2021,0,2020,3,2,1,2
Week 12,10-14,female,2021,0,2021,7,2,5,2
Week 12,10-14,female,2021,0,2020,1,2,-1,2
Week 12,10-14,female,2020,0,2021,7,2,5,2
Week 12,10-14,female,2020,0,2020,1,2,-1,2
Week 12,10-14,male,2021,0,2021,3,4,-1,4
Week 12,10-14,male,2021,0,2020,3,4,-1,4
Week 12,10-14,male,2020,0,2021,3,4,-1,4
Week 12,10-14,male,2020,0,2020,3,4,-1,4
Week 12,15-19,female,2020,0,2021,7,6,1,6
Week 12,15-19,female,2020,0,2020,4,6,-2,6
Week 12,15-19,female,2021,0,2021,7,6,1,6
Week 12,15-19,female,2021,0,2020,4,6,-2,6
Week 12,15-19,male,2020,0,2020,11,7,4,7
Week 12,15-19,male,2020,0,2021,11,7,4,7
Week 12,15-19,male,2021,0,2020,11,7,4,7
Week 12,15-19,male,2021,0,2021,11,7,4,7
Week 12,20-24,female,2021,1,2020,5,11,-6,11
Week 12,20-24,female,2021,1,2021,8,11,-3,11
Week 12,20-24,female,2020,1,2020,5,11,-6,11
Week 12,20-24,female,2020,1,2021,8,11,-3,11
Week 12,20-24,male,2020,1,2021,22,16,6,16
Week 12,20-24,male,2020,1,2020,17,16,1,16
Week 12,20-24,male,2021,1,2021,22,16,6,16
Week 12,20-24,male,2021,1,2020,17,16,1,16
Week 12,25-29,female,2020,0,2020,9,11,-2,11
Week 12,25-29,female,2020,0,2021,12,11,1,11
Week 12,25-29,female,2021,0,2020,9,11,-2,11
Week 12,25-29,female,2021,0,2021,12,11,1,11
Week 12,25-29,male,2021,0,2020,22,23,-1,23
Week 12,25-29,male,2021,0,2021,19,23,-4,23
Week 12,25-29,male,2020,0,2020,22,23,-1,23
Week 12,25-29,male,2020,0,2021,19,23,-4,23
Week 12,30-34,female,2021,1,2020,16,14,2,14
Week 12,30-34,female,2021,1,2021,21,14,7,14
Week 12,30-34,female,2020,1,2020,16,14,2,14
Week 12,30-34,female,2020,1,2021,21,14,7,14
Week 12,30-34,male,2020,3,2021,36,26,10,26
Week 12,30-34,male,2020,3,2020,25,26,-1,26
Week 12,30-34,male,2021,3,2021,36,26,10,26
Week 12,30-34,male,2021,3,2020,25,26,-1,26
Week 12,35-39,female,2021,1,2021,32,24,8,24
Week 12,35-39,female,2021,1,2020,19,24,-5,24
Week 12,35-39,female,2020,1,2021,32,24,8,24
Week 12,35-39,female,2020,1,2020,19,24,-5,24
Week 12,35-39,male,2020,2,2020,47,41,6,41
Week 12,35-39,male,2020,2,2021,42,41,1,41
Week 12,35-39,male,2021,2,2020,47,41,6,41
Week 12,35-39,male,2021,2,2021,42,41,1,41
Week 12,40-44,female,2021,2,2021,39,34,5,34
Week 12,40-44,female,2021,2,2020,37,34,3,34
Week 12,40-44,female,2020,2,2021,39,34,5,34
Week 12,40-44,female,2020,2,2020,37,34,3,34
Week 12,40-44,male,2021,2,2020,63,67,-4,67
Week 12,40-44,male,2021,2,2021,71,67,4,67
Week 12,40-44,male,2020,2,2020,63,67,-4,67
Week 12,40-44,male,2020,2,2021,71,67,4,67
Week 12,45-49,female,2020,7,2020,61,67,-6,67
Week 12,45-49,female,2020,7,2021,68,67,1,67
Week 12,45-49,female,2021,7,2020,61,67,-6,67
Week 12,45-49,female,2021,7,2021,68,67,1,67
Week 12,45-49,male,2021,7,2021,122,107,15,107
Week 12,45-49,male,2021,7,2020,99,107,-8,107
Week 12,45-49,male,2020,7,2021,122,107,15,107
Week 12,45-49,male,2020,7,2020,99,107,-8,107
Week 12,50-54,female,2021,12,2021,112,98,14,98
Week 12,50-54,female,2021,12,2020,87,98,-11,98
Week 12,50-54,female,2020,12,2021,112,98,14,98
Week 12,50-54,female,2020,12,2020,87,98,-11,98
Week 12,50-54,male,2020,29,2021,169,151,18,151
Week 12,50-54,male,2020,29,2020,158,151,7,151
Week 12,50-54,male,2021,29,2021,169,151,18,151
Week 12,50-54,male,2021,29,2020,158,151,7,151
Week 12,55-59,female,2021,10,2020,161,133,28,133
Week 12,55-59,female,2021,10,2021,146,133,13,133
Week 12,55-59,female,2020,10,2020,161,133,28,133
Week 12,55-59,female,2020,10,2021,146,133,13,133
Week 12,55-59,male,2021,25,2020,229,205,24,205
Week 12,55-59,male,2021,25,2021,231,205,26,205
Week 12,55-59,male,2020,25,2020,229,205,24,205
Week 12,55-59,male,2020,25,2021,231,205,26,205
Week 12,60-64,female,2021,25,2020,188,196,-8,196
Week 12,60-64,female,2021,25,2021,196,196,0,196
Week 12,60-64,female,2020,25,2020,188,196,-8,196
Week 12,60-64,female,2020,25,2021,196,196,0,196
Week 12,60-64,male,2020,42,2021,301,284,17,284
Week 12,60-64,male,2020,42,2020,281,284,-3,284
Week 12,60-64,male,2021,42,2021,301,284,17,284
Week 12,60-64,male,2021,42,2020,281,284,-3,284
Week 12,65-69,female,2021,23,2020,282,287,-5,287
Week 12,65-69,female,2021,23,2021,281,287,-6,287
Week 12,65-69,female,2020,23,2020,282,287,-5,287
Week 12,65-69,female,2020,23,2021,281,287,-6,287
Week 12,65-69,male,2020,44,2020,404,417,-13,417
Week 12,65-69,male,2020,44,2021,402,417,-15,417
Week 12,65-69,male,2021,44,2020,404,417,-13,417
Week 12,65-69,male,2021,44,2021,402,417,-15,417
Week 12,70-74,female,2021,26,2021,399,436,-37,436
Week 12,70-74,female,2021,26,2020,465,436,29,436
Week 12,70-74,female,2020,26,2021,399,436,-37,436
Week 12,70-74,female,2020,26,2020,465,436,29,436
Week 12,70-74,male,2021,44,2021,604,568,36,568
Week 12,70-74,male,2021,44,2020,629,568,61,568
Week 12,70-74,male,2020,44,2021,604,568,36,568
Week 12,70-74,male,2020,44,2020,629,568,61,568
Week 12,75-79,female,2021,38,2020,610,580,30,580
Week 12,75-79,female,2021,38,2021,565,580,-15,580
Week 12,75-79,female,2020,38,2020,610,580,30,580
Week 12,75-79,female,2020,38,2021,565,580,-15,580
Week 12,75-79,male,2020,50,2020,763,713,50,713
Week 12,75-79,male,2020,50,2021,705,713,-8,713
Week 12,75-79,male,2021,50,2020,763,713,50,713
Week 12,75-79,male,2021,50,2021,705,713,-8,713
Week 12,80-84,female,2021,56,2021,709,834,-125,834
Week 12,80-84,female,2021,56,2020,802,834,-32,834
Week 12,80-84,female,2020,56,2021,709,834,-125,834
Week 12,80-84,female,2020,56,2020,802,834,-32,834
Week 12,80-84,male,2021,64,2020,892,904,-12,904
Week 12,80-84,male,2021,64,2021,793,904,-111,904
Week 12,80-84,male,2020,64,2020,892,904,-12,904
Week 12,80-84,male,2020,64,2021,793,904,-111,904
Week 12,85-89,female,2021,64,2020,997,1079,-82,1079
Week 12,85-89,female,2021,64,2021,951,1079,-128,1079
Week 12,85-89,female,2020,64,2020,997,1079,-82,1079
Week 12,85-89,female,2020,64,2021,951,1079,-128,1079
Week 12,85-89,male,2020,80,2020,905,864,41,864
Week 12,85-89,male,2020,80,2021,823,864,-41,864
Week 12,85-89,male,2021,80,2020,905,864,41,864
Week 12,85-89,male,2021,80,2021,823,864,-41,864
Week 12,90+,female,2021,99,2020,1482,1571,-89,1571
Week 12,90+,female,2021,99,2021,1353,1571,-218,1571
Week 12,90+,female,2020,99,2020,1482,1571,-89,1571
Week 12,90+,female,2020,99,2021,1353,1571,-218,1571
Week 12,90+,male,2020,64,2020,820,762,58,762
Week 12,90+,male,2020,64,2021,722,762,-40,762
Week 12,90+,male,2021,64,2020,820,762,58,762
Week 12,90+,male,2021,64,2021,722,762,-40,762
Week 13,00-04,female,2021,0,2021,19,24,-5,24
Week 13,00-04,female,2021,0,2020,27,24,3,24
Week 13,00-04,female,2020,0,2021,19,24,-5,24
Week 13,00-04,female,2020,0,2020,27,24,3,24
Week 13,00-04,male,2021,0,2020,30,29,1,29
Week 13,00-04,male,2021,0,2021,23,29,-6,29
Week 13,00-04,male,2020,0,2020,30,29,1,29
Week 13,00-04,male,2020,0,2021,23,29,-6,29
Week 13,05-09,female,2021,0,2020,0,3,-3,3
Week 13,05-09,female,2021,0,2021,1,3,-2,3
Week 13,05-09,female,2020,0,2020,0,3,-3,3
Week 13,05-09,female,2020,0,2021,1,3,-2,3
Week 13,05-09,male,2021,0,2021,3,2,1,2
Week 13,05-09,male,2021,0,2020,1,2,-1,2
Week 13,05-09,male,2020,0,2021,3,2,1,2
Week 13,05-09,male,2020,0,2020,1,2,-1,2
Week 13,10-14,female,2020,0,2020,3,2,1,2
Week 13,10-14,female,2020,0,2021,0,2,-2,2
Week 13,10-14,female,2021,0,2020,3,2,1,2
Week 13,10-14,female,2021,0,2021,0,2,-2,2
Week 13,10-14,male,2021,0,2020,1,4,-3,4
Week 13,10-14,male,2021,0,2021,4,4,0,4
Week 13,10-14,male,2020,0,2020,1,4,-3,4
Week 13,10-14,male,2020,0,2021,4,4,0,4
Week 13,15-19,female,2021,0,2021,4,4,0,4
Week 13,15-19,female,2021,0,2020,4,4,0,4
Week 13,15-19,female,2020,0,2021,4,4,0,4
Week 13,15-19,female,2020,0,2020,4,4,0,4
Week 13,15-19,male,2020,1,2021,10,10,0,10
Week 13,15-19,male,2020,1,2020,8,10,-2,10
Week 13,15-19,male,2021,1,2021,10,10,0,10
Week 13,15-19,male,2021,1,2020,8,10,-2,10
Week 13,20-24,female,2021,2,2020,6,10,-4,10
Week 13,20-24,female,2021,2,2021,10,10,0,10
Week 13,20-24,female,2020,2,2020,6,10,-4,10
Week 13,20-24,female,2020,2,2021,10,10,0,10
Week 13,20-24,male,2020,0,2020,11,21,-10,21
Week 13,20-24,male,2020,0,2021,12,21,-9,21
Week 13,20-24,male,2021,0,2020,11,21,-10,21
Week 13,20-24,male,2021,0,2021,12,21,-9,21
Week 13,25-29,female,2021,1,2021,7,10,-3,10
Week 13,25-29,female,2021,1,2020,11,10,1,10
Week 13,25-29,female,2020,1,2021,7,10,-3,10
Week 13,25-29,female,2020,1,2020,11,10,1,10
Week 13,25-29,male,2021,0,2020,22,23,-1,23
Week 13,25-29,male,2021,0,2021,24,23,1,23
Week 13,25-29,male,2020,0,2020,22,23,-1,23
Week 13,25-29,male,2020,0,2021,24,23,1,23
Week 13,30-34,female,2020,3,2021,16,17,-1,17
Week 13,30-34,female,2020,3,2020,15,17,-2,17
Week 13,30-34,female,2021,3,2021,16,17,-1,17
Week 13,30-34,female,2021,3,2020,15,17,-2,17
Week 13,30-34,male,2020,9,2021,36,34,2,34
Week 13,30-34,male,2020,9,2020,40,34,6,34
Week 13,30-34,male,2021,9,2021,36,34,2,34
Week 13,30-34,male,2021,9,2020,40,34,6,34
Week 13,35-39,female,2020,2,2021,26,27,-1,27
Week 13,35-39,female,2020,2,2020,31,27,4,27
Week 13,35-39,female,2021,2,2021,26,27,-1,27
Week 13,35-39,female,2021,2,2020,31,27,4,27
Week 13,35-39,male,2020,5,2020,40,39,1,39
Week 13,35-39,male,2020,5,2021,44,39,5,39
Week 13,35-39,male,2021,5,2020,40,39,1,39
Week 13,35-39,male,2021,5,2021,44,39,5,39
Week 13,40-44,female,2021,1,2021,33,32,1,32
Week 13,40-44,female,2021,1,2020,30,32,-2,32
Week 13,40-44,female,2020,1,2021,33,32,1,32
Week 13,40-44,female,2020,1,2020,30,32,-2,32
Week 13,40-44,male,2020,2,2021,66,65,1,65
Week 13,40-44,male,2020,2,2020,65,65,0,65
Week 13,40-44,male,2021,2,2021,66,65,1,65
Week 13,40-44,male,2021,2,2020,65,65,0,65
Week 13,45-49,female,2020,7,2021,57,62,-5,62
Week 13,45-49,female,2020,7,2020,66,62,4,62
Week 13,45-49,female,2021,7,2021,57,62,-5,62
Week 13,45-49,female,2021,7,2020,66,62,4,62
Week 13,45-49,male,2021,10,2020,97,100,-3,100
Week 13,45-49,male,2021,10,2021,70,100,-30,100
Week 13,45-49,male,2020,10,2020,97,100,-3,100
Week 13,45-49,male,2020,10,2021,70,100,-30,100
Week 13,50-54,female,2020,9,2020,89,101,-12,101
Week 13,50-54,female,2020,9,2021,79,101,-22,101
Week 13,50-54,female,2021,9,2020,89,101,-12,101
Week 13,50-54,female,2021,9,2021,79,101,-22,101
Week 13,50-54,male,2021,14,2021,126,144,-18,144
Week 13,50-54,male,2021,14,2020,146,144,2,144
Week 13,50-54,male,2020,14,2021,126,144,-18,144
Week 13,50-54,male,2020,14,2020,146,144,2,144
Week 13,55-59,female,2021,18,2021,138,139,-1,139
Week 13,55-59,female,2021,18,2020,146,139,7,139
Week 13,55-59,female,2020,18,2021,138,139,-1,139
Week 13,55-59,female,2020,18,2020,146,139,7,139
Week 13,55-59,male,2021,27,2020,235,200,35,200
Week 13,55-59,male,2021,27,2021,216,200,16,200
Week 13,55-59,male,2020,27,2020,235,200,35,200
Week 13,55-59,male,2020,27,2021,216,200,16,200
Week 13,60-64,female,2021,21,2021,172,197,-25,197
Week 13,60-64,female,2021,21,2020,236,197,39,197
Week 13,60-64,female,2020,21,2021,172,197,-25,197
Week 13,60-64,female,2020,21,2020,236,197,39,197
Week 13,60-64,male,2021,36,2020,286,274,12,274
Week 13,60-64,male,2021,36,2021,248,274,-26,274
Week 13,60-64,male,2020,36,2020,286,274,12,274
Week 13,60-64,male,2020,36,2021,248,274,-26,274
Week 13,65-69,female,2021,22,2021,235,301,-66,301
Week 13,65-69,female,2021,22,2020,276,301,-25,301
Week 13,65-69,female,2020,22,2021,235,301,-66,301
Week 13,65-69,female,2020,22,2020,276,301,-25,301
Week 13,65-69,male,2020,54,2021,298,428,-130,428
Week 13,65-69,male,2020,54,2020,423,428,-5,428
Week 13,65-69,male,2021,54,2021,298,428,-130,428
Week 13,65-69,male,2021,54,2020,423,428,-5,428
Week 13,70-74,female,2020,26,2021,355,434,-79,434
Week 13,70-74,female,2020,26,2020,440,434,6,434
Week 13,70-74,female,2021,26,2021,355,434,-79,434
Week 13,70-74,female,2021,26,2020,440,434,6,434
Week 13,70-74,male,2020,58,2020,666,572,94,572
Week 13,70-74,male,2020,58,2021,477,572,-95,572
Week 13,70-74,male,2021,58,2020,666,572,94,572
Week 13,70-74,male,2021,58,2021,477,572,-95,572
Week 13,75-79,female,2020,45,2020,609,568,41,568
Week 13,75-79,female,2020,45,2021,456,568,-112,568
Week 13,75-79,female,2021,45,2020,609,568,41,568
Week 13,75-79,female,2021,45,2021,456,568,-112,568
Week 13,75-79,male,2021,87,2020,788,716,72,716
Week 13,75-79,male,2021,87,2021,567,716,-149,716
Week 13,75-79,male,2020,87,2020,788,716,72,716
Week 13,75-79,male,2020,87,2021,567,716,-149,716
Week 13,80-84,female,2021,62,2021,623,815,-192,815
Week 13,80-84,female,2021,62,2020,845,815,30,815
Week 13,80-84,female,2020,62,2021,623,815,-192,815
Week 13,80-84,female,2020,62,2020,845,815,30,815
Week 13,80-84,male,2020,91,2021,660,855,-195,855
Week 13,80-84,male,2020,91,2020,1005,855,150,855
Week 13,80-84,male,2021,91,2021,660,855,-195,855
Week 13,80-84,male,2021,91,2020,1005,855,150,855
Week 13,85-89,female,2020,75,2021,746,1075,-329,1075
Week 13,85-89,female,2020,75,2020,1032,1075,-43,1075
Week 13,85-89,female,2021,75,2021,746,1075,-329,1075
Week 13,85-89,female,2021,75,2020,1032,1075,-43,1075
Week 13,85-89,male,2020,89,2021,628,859,-231,859
Week 13,85-89,male,2020,89,2020,984,859,125,859
Week 13,85-89,male,2021,89,2021,628,859,-231,859
Week 13,85-89,male,2021,89,2020,984,859,125,859
Week 13,90+,female,2020,96,2021,1094,1522,-428,1522
Week 13,90+,female,2020,96,2020,1545,1522,23,1522
Week 13,90+,female,2021,96,2021,1094,1522,-428,1522
Week 13,90+,female,2021,96,2020,1545,1522,23,1522
Week 13,90+,male,2021,66,2020,883,741,142,741
Week 13,90+,male,2021,66,2021,618,741,-123,741
Week 13,90+,male,2020,66,2020,883,741,142,741
Week 13,90+,male,2020,66,2021,618,741,-123,741
Week 14,00-04,female,2020,0,2020,31,23,8,23
Week 14,00-04,male,2020,0,2020,28,32,-4,32
Week 14,05-09,female,2020,0,2020,3,2,1,2
Week 14,05-09,male,2020,0,2020,2,2,0,2
Week 14,10-14,female,2020,0,2020,5,3,2,3
Week 14,10-14,male,2020,0,2020,3,4,-1,4
Week 14,15-19,female,2020,2,2020,2,4,-2,4
Week 14,15-19,male,2020,1,2020,7,9,-2,9
Week 14,20-24,female,2020,3,2020,8,7,1,7
Week 14,20-24,male,2020,0,2020,12,15,-3,15
Week 14,25-29,female,2020,3,2020,10,10,0,10
Week 14,25-29,male,2020,2,2020,22,21,1,21
Week 14,30-34,female,2020,3,2020,15,17,-2,17
Week 14,30-34,male,2020,6,2020,39,31,8,31
Week 14,35-39,female,2020,5,2020,31,23,8,23
Week 14,35-39,male,2020,7,2020,36,43,-7,43
Week 14,40-44,female,2020,4,2020,39,37,2,37
Week 14,40-44,male,2020,7,2020,67,59,8,59
Week 14,45-49,female,2020,24,2020,96,66,30,66
Week 14,45-49,male,2020,18,2020,124,93,31,93
Week 14,50-54,female,2020,21,2020,132,100,32,100
Week 14,50-54,male,2020,43,2020,244,142,102,142
Week 14,55-59,female,2020,51,2020,195,138,57,138
Week 14,55-59,male,2020,86,2020,336,194,142,194
Week 14,60-64,female,2020,51,2020,280,183,97,183
Week 14,60-64,male,2020,118,2020,453,286,167,286
Week 14,65-69,female,2020,71,2020,382,297,85,297
Week 14,65-69,male,2020,153,2020,662,422,240,422
Week 14,70-74,female,2020,136,2020,651,418,233,418
Week 14,70-74,male,2020,266,2020,1039,577,462,577
Week 14,75-79,female,2020,197,2020,876,552,324,552
Week 14,75-79,male,2020,352,2020,1303,705,598,705
Week 14,80-84,female,2020,241,2020,1256,825,431,825
Week 14,80-84,male,2020,441,2020,1570,874,696,874
Week 14,85-89,female,2020,263,2020,1495,1045,450,1045
Week 14,85-89,male,2020,354,2020,1520,876,644,876
Week 14,90+,female,2020,274,2020,2086,1487,599,1487
Week 14,90+,male,2020,272,2020,1327,736,591,736
Week 15,00-04,female,2020,0,2020,13,24,-11,24
Week 15,00-04,male,2020,0,2020,31,32,-1,32
Week 15,05-09,female,2020,0,2020,1,3,-2,3
Week 15,05-09,male,2020,0,2020,3,3,0,3
Week 15,10-14,female,2020,0,2020,3,3,0,3
Week 15,10-14,male,2020,0,2020,1,4,-3,4
Week 15,15-19,female,2020,1,2020,3,5,-2,5
Week 15,15-19,male,2020,2,2020,5,10,-5,10
Week 15,20-24,female,2020,1,2020,4,8,-4,8
Week 15,20-24,male,2020,4,2020,12,21,-9,21
Week 15,25-29,female,2020,3,2020,12,11,1,11
Week 15,25-29,male,2020,5,2020,29,23,6,23
Week 15,30-34,female,2020,3,2020,15,17,-2,17
Week 15,30-34,male,2020,4,2020,30,30,0,30
Week 15,35-39,female,2020,6,2020,48,23,25,23
Week 15,35-39,male,2020,13,2020,60,43,17,43
Week 15,40-44,female,2020,13,2020,49,37,12,37
Week 15,40-44,male,2020,19,2020,65,62,3,62
Week 15,45-49,female,2020,29,2020,101,67,34,67
Week 15,45-49,male,2020,46,2020,148,103,45,103
Week 15,50-54,female,2020,50,2020,165,99,66,99
Week 15,50-54,male,2020,76,2020,247,145,102,145
Week 15,55-59,female,2020,73,2020,226,135,91,135
Week 15,55-59,male,2020,135,2020,372,209,163,209
Week 15,60-64,female,2020,108,2020,304,196,108,196
Week 15,60-64,male,2020,225,2020,548,279,269,279
Week 15,65-69,female,2020,148,2020,443,282,161,282
Week 15,65-69,male,2020,279,2020,706,423,283,423
Week 15,70-74,female,2020,231,2020,699,413,286,413
Week 15,70-74,male,2020,446,2020,1098,569,529,569
Week 15,75-79,female,2020,332,2020,967,564,403,564
Week 15,75-79,male,2020,641,2020,1451,684,767,684
Week 15,80-84,female,2020,465,2020,1400,790,610,790
Week 15,80-84,male,2020,772,2020,1795,850,945,850
Week 15,85-89,female,2020,423,2020,1738,1054,684,1054
Week 15,85-89,male,2020,668,2020,1826,838,988,838
Week 15,90+,female,2020,508,2020,2377,1480,897,1480
Week 15,90+,male,2020,484,2020,1521,716,805,716
Week 16,00-04,female,2020,1,2020,29,25,4,25
Week 16,00-04,male,2020,0,2020,28,34,-6,34
Week 16,05-09,female,2020,0,2020,3,2,1,2
Week 16,05-09,male,2020,0,2020,2,3,-1,3
Week 16,10-14,female,2020,1,2020,3,2,1,2
Week 16,10-14,male,2020,0,2020,1,4,-3,4
Week 16,15-19,female,2020,0,2020,8,6,2,6
Week 16,15-19,male,2020,1,2020,12,8,4,8
Week 16,20-24,female,2020,1,2020,5,9,-4,9
Week 16,20-24,male,2020,2,2020,12,17,-5,17
Week 16,25-29,female,2020,3,2020,12,9,3,9
Week 16,25-29,male,2020,5,2020,28,19,9,19
Week 16,30-34,female,2020,6,2020,20,17,3,17
Week 16,30-34,male,2020,7,2020,32,31,1,31
Week 16,35-39,female,2020,12,2020,36,24,12,24
Week 16,35-39,male,2020,15,2020,56,40,16,40
Week 16,40-44,female,2020,18,2020,55,33,22,33
Week 16,40-44,male,2020,31,2020,77,58,19,58
Week 16,45-49,female,2020,22,2020,95,65,30,65
Week 16,45-49,male,2020,54,2020,147,97,50,97
Week 16,50-54,female,2020,79,2020,199,105,94,105
Week 16,50-54,male,2020,111,2020,229,140,89,140
Week 16,55-59,female,2020,84,2020,245,137,108,137
Week 16,55-59,male,2020,203,2020,434,208,226,208
Week 16,60-64,female,2020,141,2020,354,193,161,193
Week 16,60-64,male,2020,272,2020,591,271,320,272
Week 16,65-69,female,2020,183,2020,481,283,198,283
Week 16,65-69,male,2020,370,2020,791,419,372,419
Week 16,70-74,female,2020,298,2020,828,417,411,417
Week 16,70-74,male,2020,591,2020,1280,557,723,591
Week 16,75-79,female,2020,465,2020,1182,541,641,541
Week 16,75-79,male,2020,732,2020,1635,681,954,732
Week 16,80-84,female,2020,652,2020,1740,781,959,781
Week 16,80-84,male,2020,985,2020,2100,844,1256,985
Week 16,85-89,female,2020,781,2020,2333,1026,1307,1026
Week 16,85-89,male,2020,958,2020,2111,819,1292,958
Week 16,90+,female,2020,954,2020,3278,1444,1834,1444
Week 16,90+,male,2020,720,2020,1879,712,1167,720
Week 17,00-04,female,2020,0,2020,23,25,-2,25
Week 17,00-04,male,2020,0,2020,37,31,6,31
Week 17,05-09,female,2020,0,2020,0,2,-2,2
Week 17,05-09,male,2020,0,2020,3,2,1,2
Week 17,10-14,female,2020,0,2020,1,2,-1,2
Week 17,10-14,male,2020,0,2020,2,4,-2,4
Week 17,15-19,female,2020,0,2020,6,5,1,5
Week 17,15-19,male,2020,0,2020,5,9,-4,9
Week 17,20-24,female,2020,2,2020,14,7,7,7
Week 17,20-24,male,2020,2,2020,11,19,-8,19
Week 17,25-29,female,2020,4,2020,11,11,0,11
Week 17,25-29,male,2020,5,2020,23,25,-2,25
Week 17,30-34,female,2020,8,2020,27,15,12,15
Week 17,30-34,male,2020,12,2020,39,28,11,28
Week 17,35-39,female,2020,10,2020,36,25,11,25
Week 17,35-39,male,2020,7,2020,62,41,21,41
Week 17,40-44,female,2020,15,2020,59,39,20,39
Week 17,40-44,male,2020,38,2020,111,52,59,52
Week 17,45-49,female,2020,25,2020,104,64,40,64
Week 17,45-49,male,2020,57,2020,175,96,79,96
Week 17,50-54,female,2020,44,2020,164,96,68,96
Week 17,50-54,male,2020,95,2020,274,148,126,148
Week 17,55-59,female,2020,78,2020,232,126,106,126
Week 17,55-59,male,2020,162,2020,407,195,212,195
Week 17,60-64,female,2020,123,2020,349,192,157,192
Week 17,60-64,male,2020,239,2020,578,283,295,283
Week 17,65-69,female,2020,151,2020,453,291,162,291
Week 17,65-69,male,2020,307,2020,795,404,391,404
Week 17,70-74,female,2020,261,2020,770,383,387,383
Week 17,70-74,male,2020,470,2020,1220,545,675,545
Week 17,75-79,female,2020,383,2020,1127,548,579,548
Week 17,75-79,male,2020,657,2020,1614,674,940,674
Week 17,80-84,female,2020,693,2020,1765,775,990,775
Week 17,80-84,male,2020,882,2020,2007,824,1183,882
Week 17,85-89,female,2020,813,2020,2264,983,1281,983
Week 17,85-89,male,2020,896,2020,2085,801,1284,896
Week 17,90+,female,2020,1073,2020,3364,1374,1990,1374
Week 17,90+,male,2020,725,2020,1780,680,1100,725
Week 18,00-04,female,2020,0,2020,21,21,0,21
Week 18,00-04,male,2020,0,2020,35,33,2,33
Week 18,05-09,female,2020,0,2020,0,3,-3,3
Week 18,05-09,male,2020,0,2020,0,2,-2,2
Week 18,10-14,female,2020,0,2020,3,1,2,1
Week 18,10-14,male,2020,0,2020,0,4,-4,4
Week 18,15-19,female,2020,0,2020,3,5,-2,5
Week 18,15-19,male,2020,1,2020,11,10,1,10
Week 18,20-24,female,2020,0,2020,7,8,-1,8
Week 18,20-24,male,2020,2,2020,11,17,-6,17
Week 18,25-29,female,2020,1,2020,17,9,8,9
Week 18,25-29,male,2020,1,2020,23,22,1,22
Week 18,30-34,female,2020,1,2020,24,15,9,15
Week 18,30-34,male,2020,5,2020,35,33,2,33
Week 18,35-39,female,2020,8,2020,38,23,15,23
Week 18,35-39,male,2020,10,2020,60,45,15,45
Week 18,40-44,female,2020,7,2020,43,40,3,40
Week 18,40-44,male,2020,16,2020,73,64,9,64
Week 18,45-49,female,2020,23,2020,87,56,31,56
Week 18,45-49,male,2020,33,2020,148,90,58,90
Week 18,50-54,female,2020,32,2020,152,97,55,97
Week 18,50-54,male,2020,62,2020,235,142,93,142
Week 18,55-59,female,2020,52,2020,203,128,75,128
Week 18,55-59,male,2020,112,2020,347,200,147,200
Week 18,60-64,female,2020,61,2020,272,189,83,189
Week 18,60-64,male,2020,137,2020,453,271,182,271
Week 18,65-69,female,2020,101,2020,392,282,110,282
Week 18,65-69,male,2020,209,2020,631,414,217,414
Week 18,70-74,female,2020,168,2020,638,387,251,387
Week 18,70-74,male,2020,327,2020,940,533,407,533
Week 18,75-79,female,2020,332,2020,950,532,418,532
Week 18,75-79,male,2020,438,2020,1205,674,531,674
Week 18,80-84,female,2020,517,2020,1432,763,669,763
Week 18,80-84,male,2020,579,2020,1555,821,734,821
Week 18,85-89,female,2020,668,2020,1926,981,945,981
Week 18,85-89,male,2020,638,2020,1588,812,776,812
Week 18,90+,female,2020,910,2020,2888,1344,1544,1344
Week 18,90+,male,2020,584,2020,1507,671,836,671
Week 19,00-04,female,2020,0,2020,15,25,-10,25
Week 19,00-04,male,2020,1,2020,19,31,-12,31
Week 19,05-09,female,2020,0,2020,1,2,-1,2
Week 19,05-09,male,2020,0,2020,3,2,1,2
Week 19,10-14,female,2020,0,2020,3,3,0,3
Week 19,10-14,male,2020,0,2020,7,3,4,3
Week 19,15-19,female,2020,0,2020,4,4,0,4
Week 19,15-19,male,2020,0,2020,5,9,-4,9
Week 19,20-24,female,2020,2,2020,7,8,-1,8
Week 19,20-24,male,2020,1,2020,11,17,-6,17
Week 19,25-29,female,2020,0,2020,7,8,-1,8
Week 19,25-29,male,2020,4,2020,18,25,-7,25
Week 19,30-34,female,2020,5,2020,15,14,1,14
Week 19,30-34,male,2020,3,2020,18,36,-18,36
Week 19,35-39,female,2020,5,2020,26,24,2,24
Week 19,35-39,male,2020,2,2020,33,36,-3,36
Week 19,40-44,female,2020,8,2020,27,40,-13,40
Week 19,40-44,male,2020,10,2020,62,58,4,58
Week 19,45-49,female,2020,7,2020,67,62,5,62
Week 19,45-49,male,2020,19,2020,98,99,-1,99
Week 19,50-54,female,2020,25,2020,107,101,6,101
Week 19,50-54,male,2020,34,2020,160,133,27,133
Week 19,55-59,female,2020,28,2020,152,135,17,135
Week 19,55-59,male,2020,69,2020,255,198,57,198
Week 19,60-64,female,2020,44,2020,197,190,7,190
Week 19,60-64,male,2020,91,2020,334,258,76,258
Week 19,65-69,female,2020,68,2020,316,271,45,271
Week 19,65-69,male,2020,111,2020,447,418,29,418
Week 19,70-74,female,2020,118,2020,490,392,98,392
Week 19,70-74,male,2020,189,2020,682,552,130,552
Week 19,75-79,female,2020,188,2020,661,525,136,525
Week 19,75-79,male,2020,276,2020,867,664,203,664
Week 19,80-84,female,2020,339,2020,987,752,235,752
Week 19,80-84,male,2020,433,2020,1112,809,303,809
Week 19,85-89,female,2020,455,2020,1352,984,368,984
Week 19,85-89,male,2020,380,2020,1089,798,291,798
Week 19,90+,female,2020,646,2020,2014,1358,656,1358
Week 19,90+,male,2020,369,2020,989,686,303,686
Week 2,00-04,female,2020,0,2020,26,31,-5,31
Week 2,00-04,female,2020,0,2021,21,31,-10,31
Week 2,00-04,female,2021,0,2020,26,31,-5,31
Week 2,00-04,female,2021,0,2021,21,31,-10,31
Week 2,00-04,male,2021,0,2020,33,33,0,33
Week 2,00-04,male,2021,0,2021,34,33,1,33
Week 2,00-04,male,2020,0,2020,33,33,0,33
Week 2,00-04,male,2020,0,2021,34,33,1,33
Week 2,05-09,female,2021,0,2021,0,5,-5,5
Week 2,05-09,female,2021,0,2020,4,5,-1,5
Week 2,05-09,female,2020,0,2021,0,5,-5,5
Week 2,05-09,female,2020,0,2020,4,5,-1,5
Week 2,05-09,male,2021,0,2020,4,2,2,2
Week 2,05-09,male,2021,0,2021,1,2,-1,2
Week 2,05-09,male,2020,0,2020,4,2,2,2
Week 2,05-09,male,2020,0,2021,1,2,-1,2
Week 2,10-14,female,2021,0,2021,1,3,-2,3
Week 2,10-14,female,2021,0,2020,2,3,-1,3
Week 2,10-14,female,2020,0,2021,1,3,-2,3
Week 2,10-14,female,2020,0,2020,2,3,-1,3
Week 2,10-14,male,2021,0,2020,7,4,3,4
Week 2,10-14,male,2021,0,2021,4,4,0,4
Week 2,10-14,male,2020,0,2020,7,4,3,4
Week 2,10-14,male,2020,0,2021,4,4,0,4
Week 2,15-19,female,2020,0,2020,8,4,4,4
Week 2,15-19,female,2020,0,2021,6,4,2,4
Week 2,15-19,female,2021,0,2020,8,4,4,4
Week 2,15-19,female,2021,0,2021,6,4,2,4
Week 2,15-19,male,2021,0,2021,8,11,-3,11
Week 2,15-19,male,2021,0,2020,8,11,-3,11
Week 2,15-19,male,2020,0,2021,8,11,-3,11
Week 2,15-19,male,2020,0,2020,8,11,-3,11
Week 2,20-24,female,2021,2,2020,9,9,0,9
Week 2,20-24,female,2021,2,2021,6,9,-3,9
Week 2,20-24,female,2020,2,2020,9,9,0,9
Week 2,20-24,female,2020,2,2021,6,9,-3,9
Week 2,20-24,male,2021,2,2020,14,20,-6,20
Week 2,20-24,male,2021,2,2021,20,20,0,20
Week 2,20-24,male,2020,2,2020,14,20,-6,20
Week 2,20-24,male,2020,2,2021,20,20,0,20
Week 2,25-29,female,2020,1,2021,15,8,7,8
Week 2,25-29,female,2020,1,2020,9,8,1,8
Week 2,25-29,female,2021,1,2021,15,8,7,8
Week 2,25-29,female,2021,1,2020,9,8,1,8
Week 2,25-29,male,2021,3,2021,22,26,-4,26
Week 2,25-29,male,2021,3,2020,28,26,2,26
Week 2,25-29,male,2020,3,2021,22,26,-4,26
Week 2,25-29,male,2020,3,2020,28,26,2,26
Week 2,30-34,female,2021,4,2021,20,18,2,18
Week 2,30-34,female,2021,4,2020,18,18,0,18
Week 2,30-34,female,2020,4,2021,20,18,2,18
Week 2,30-34,female,2020,4,2020,18,18,0,18
Week 2,30-34,male,2021,8,2021,36,34,2,34
Week 2,30-34,male,2021,8,2020,28,34,-6,34
Week 2,30-34,male,2020,8,2021,36,34,2,34
Week 2,30-34,male,2020,8,2020,28,34,-6,34
Week 2,35-39,female,2021,13,2021,42,27,15,27
Week 2,35-39,female,2021,13,2020,22,27,-5,27
Week 2,35-39,female,2020,13,2021,42,27,15,27
Week 2,35-39,female,2020,13,2020,22,27,-5,27
Week 2,35-39,male,2021,14,2021,60,42,18,42
Week 2,35-39,male,2021,14,2020,46,42,4,42
Week 2,35-39,male,2020,14,2021,60,42,18,42
Week 2,35-39,male,2020,14,2020,46,42,4,42
Week 2,40-44,female,2021,19,2020,33,40,-7,40
Week 2,40-44,female,2021,19,2021,69,40,29,40
Week 2,40-44,female,2020,19,2020,33,40,-7,40
Week 2,40-44,female,2020,19,2021,69,40,29,40
Week 2,40-44,male,2020,20,2021,83,66,17,66
Week 2,40-44,male,2020,20,2020,52,66,-14,66
Week 2,40-44,male,2021,20,2021,83,66,17,66
Week 2,40-44,male,2021,20,2020,52,66,-14,66
Week 2,45-49,female,2021,31,2020,77,67,10,67
Week 2,45-49,female,2021,31,2021,104,67,37,67
Week 2,45-49,female,2020,31,2020,77,67,10,67
Week 2,45-49,female,2020,31,2021,104,67,37,67
Week 2,45-49,male,2021,49,2021,137,120,17,120
Week 2,45-49,male,2021,49,2020,114,120,-6,120
Week 2,45-49,male,2020,49,2021,137,120,17,120
Week 2,45-49,male,2020,49,2020,114,120,-6,120
Week 2,50-54,female,2021,51,2020,123,103,20,103
Week 2,50-54,female,2021,51,2021,155,103,52,103
Week 2,50-54,female,2020,51,2020,123,103,20,103
Week 2,50-54,female,2020,51,2021,155,103,52,103
Week 2,50-54,male,2020,78,2020,156,155,1,155
Week 2,50-54,male,2020,78,2021,264,155,109,155
Week 2,50-54,male,2021,78,2020,156,155,1,155
Week 2,50-54,male,2021,78,2021,264,155,109,155
Week 2,55-59,female,2021,76,2021,224,156,68,156
Week 2,55-59,female,2021,76,2020,167,156,11,156
Week 2,55-59,female,2020,76,2021,224,156,68,156
Week 2,55-59,female,2020,76,2020,167,156,11,156
Week 2,55-59,male,2021,142,2020,259,230,29,230
Week 2,55-59,male,2021,142,2021,348,230,118,230
Week 2,55-59,male,2020,142,2020,259,230,29,230
Week 2,55-59,male,2020,142,2021,348,230,118,230
Week 2,60-64,female,2020,121,2020,249,218,31,218
Week 2,60-64,female,2020,121,2021,329,218,111,218
Week 2,60-64,female,2021,121,2020,249,218,31,218
Week 2,60-64,female,2021,121,2021,329,218,111,218
Week 2,60-64,male,2021,217,2021,540,316,224,316
Week 2,60-64,male,2021,217,2020,355,316,39,316
Week 2,60-64,male,2020,217,2021,540,316,224,316
Week 2,60-64,male,2020,217,2020,355,316,39,316
Week 2,65-69,female,2021,170,2021,451,349,102,349
Week 2,65-69,female,2021,170,2020,348,349,-1,349
Week 2,65-69,female,2020,170,2021,451,349,102,349
Week 2,65-69,female,2020,170,2020,348,349,-1,349
Week 2,65-69,male,2021,255,2020,509,508,1,508
Week 2,65-69,male,2021,255,2021,694,508,186,508
Week 2,65-69,male,2020,255,2020,509,508,1,508
Week 2,65-69,male,2020,255,2021,694,508,186,508
Week 2,70-74,female,2021,266,2021,718,505,213,505
Week 2,70-74,female,2021,266,2020,580,505,75,505
Week 2,70-74,female,2020,266,2021,718,505,213,505
Week 2,70-74,female,2020,266,2020,580,505,75,505
Week 2,70-74,male,2020,448,2020,761,663,98,663
Week 2,70-74,male,2020,448,2021,1081,663,418,663
Week 2,70-74,male,2021,448,2020,761,663,98,663
Week 2,70-74,male,2021,448,2021,1081,663,418,663
Week 2,75-79,female,2020,408,2020,800,698,102,698
Week 2,75-79,female,2020,408,2021,995,698,297,698
Week 2,75-79,female,2021,408,2020,800,698,102,698
Week 2,75-79,female,2021,408,2021,995,698,297,698
Week 2,75-79,male,2021,540,2021,1285,853,432,853
Week 2,75-79,male,2021,540,2020,924,853,71,853
Week 2,75-79,male,2020,540,2021,1285,853,432,853
Week 2,75-79,male,2020,540,2020,924,853,71,853
Week 2,80-84,female,2021,605,2021,1452,1034,418,1034
Week 2,80-84,female,2021,605,2020,1118,1034,84,1034
Week 2,80-84,female,2020,605,2021,1452,1034,418,1034
Week 2,80-84,female,2020,605,2020,1118,1034,84,1034
Week 2,80-84,male,2021,714,2020,1172,1024,148,1024
Week 2,80-84,male,2021,714,2021,1552,1024,528,1024
Week 2,80-84,male,2020,714,2020,1172,1024,148,1024
Week 2,80-84,male,2020,714,2021,1552,1024,528,1024
Week 2,85-89,female,2021,690,2020,1466,1406,60,1406
Week 2,85-89,female,2021,690,2021,1698,1406,292,1406
Week 2,85-89,female,2020,690,2020,1466,1406,60,1406
Week 2,85-89,female,2020,690,2021,1698,1406,292,1406
Week 2,85-89,male,2021,703,2020,1231,1070,161,1070
Week 2,85-89,male,2021,703,2021,1580,1070,510,1070
Week 2,85-89,male,2020,703,2020,1231,1070,161,1070
Week 2,85-89,male,2020,703,2021,1580,1070,510,1070
Week 2,90+,female,2021,972,2020,2170,2043,127,2043
Week 2,90+,female,2021,972,2021,2529,2043,486,2043
Week 2,90+,female,2020,972,2020,2170,2043,127,2043
Week 2,90+,female,2020,972,2021,2529,2043,486,2043
Week 2,90+,male,2021,623,2021,1458,1002,456,1002
Week 2,90+,male,2021,623,2020,1127,1002,125,1002
Week 2,90+,male,2020,623,2021,1458,1002,456,1002
Week 2,90+,male,2020,623,2020,1127,1002,125,1002
Week 20,00-04,female,2020,0,2020,27,24,3,24
Week 20,00-04,male,2020,1,2020,39,32,7,32
Week 20,05-09,female,2020,0,2020,1,2,-1,2
Week 20,05-09,male,2020,0,2020,4,2,2,2
Week 20,10-14,female,2020,0,2020,2,3,-1,3
Week 20,10-14,male,2020,0,2020,2,2,0,2
Week 20,15-19,female,2020,1,2020,5,5,0,5
Week 20,15-19,male,2020,0,2020,8,8,0,8
Week 20,20-24,female,2020,0,2020,3,6,-3,6
Week 20,20-24,male,2020,1,2020,16,15,1,15
Week 20,25-29,female,2020,1,2020,10,14,-4,14
Week 20,25-29,male,2020,5,2020,23,22,1,22
Week 20,30-34,female,2020,2,2020,9,17,-8,17
Week 20,30-34,male,2020,2,2020,31,29,2,29
Week 20,35-39,female,2020,2,2020,30,26,4,26
Week 20,35-39,male,2020,5,2020,48,41,7,41
Week 20,40-44,female,2020,7,2020,50,38,12,38
Week 20,40-44,male,2020,7,2020,54,62,-8,62
Week 20,45-49,female,2020,12,2020,81,62,19,62
Week 20,45-49,male,2020,13,2020,114,93,21,93
Week 20,50-54,female,2020,15,2020,111,91,20,91
Week 20,50-54,male,2020,24,2020,192,141,51,141
Week 20,55-59,female,2020,25,2020,198,129,69,129
Week 20,55-59,male,2020,55,2020,279,198,81,198
Week 20,60-64,female,2020,43,2020,266,181,85,181
Week 20,60-64,male,2020,79,2020,402,263,139,263
Week 20,65-69,female,2020,70,2020,339,280,59,280
Week 20,65-69,male,2020,111,2020,515,404,111,404
Week 20,70-74,female,2020,110,2020,559,393,166,393
Week 20,70-74,male,2020,194,2020,775,556,219,556
Week 20,75-79,female,2020,168,2020,733,505,228,505
Week 20,75-79,male,2020,301,2020,1013,629,384,629
Week 20,80-84,female,2020,311,2020,1141,772,369,772
Week 20,80-84,male,2020,375,2020,1280,795,485,795
Week 20,85-89,female,2020,472,2020,1514,934,580,934
Week 20,85-89,male,2020,396,2020,1291,783,508,783
Week 20,90+,female,2020,628,2020,2251,1314,937,1314
Week 20,90+,male,2020,374,2020,1157,657,500,657
Week 21,00-04,female,2020,0,2020,26,23,3,23
Week 21,00-04,male,2020,0,2020,29,34,-5,34
Week 21,05-09,female,2020,0,2020,1,2,-1,2
Week 21,05-09,male,2020,0,2020,4,1,3,1
Week 21,10-14,female,2020,0,2020,2,2,0,2
Week 21,10-14,male,2020,0,2020,5,3,2,3
Week 21,15-19,female,2020,0,2020,4,4,0,4
Week 21,15-19,male,2020,0,2020,9,9,0,9
Week 21,20-24,female,2020,0,2020,4,8,-4,8
Week 21,20-24,male,2020,1,2020,14,17,-3,17
Week 21,25-29,female,2020,0,2020,10,12,-2,12
Week 21,25-29,male,2020,2,2020,24,24,0,24
Week 21,30-34,female,2020,1,2020,21,15,6,15
Week 21,30-34,male,2020,3,2020,29,31,-2,31
Week 21,35-39,female,2020,0,2020,28,26,2,26
Week 21,35-39,male,2020,4,2020,49,41,8,41
Week 21,40-44,female,2020,8,2020,50,39,11,39
Week 21,40-44,male,2020,11,2020,97,59,38,59
Week 21,45-49,female,2020,7,2020,74,60,14,60
Week 21,45-49,male,2020,12,2020,101,94,7,94
Week 21,50-54,female,2020,7,2020,102,93,9,93
Week 21,50-54,male,2020,24,2020,190,142,48,142
Week 21,55-59,female,2020,21,2020,162,129,33,129
Week 21,55-59,male,2020,41,2020,265,198,67,198
Week 21,60-64,female,2020,33,2020,237,178,59,178
Week 21,60-64,male,2020,53,2020,350,260,90,260
Week 21,65-69,female,2020,37,2020,300,276,24,276
Week 21,65-69,male,2020,66,2020,435,411,24,411
Week 21,70-74,female,2020,61,2020,459,387,72,387
Week 21,70-74,male,2020,138,2020,689,522,167,522
Week 21,75-79,female,2020,142,2020,681,512,169,512
Week 21,75-79,male,2020,174,2020,811,640,171,640
Week 21,80-84,female,2020,211,2020,952,758,194,758
Week 21,80-84,male,2020,246,2020,1011,803,208,803
Week 21,85-89,female,2020,308,2020,1242,925,317,925
Week 21,85-89,male,2020,285,2020,1041,778,263,778
Week 21,90+,female,2020,462,2020,1836,1322,514,1322
Week 21,90+,male,2020,231,2020,944,648,296,648
Week 22,00-04,female,2020,0,2020,20,26,-6,26
Week 22,00-04,male,2020,0,2020,26,28,-2,28
Week 22,05-09,female,2020,0,2020,2,2,0,2
Week 22,05-09,male,2020,0,2020,1,4,-3,4
Week 22,10-14,female,2020,0,2020,2,3,-1,3
Week 22,10-14,male,2020,1,2020,3,3,0,3
Week 22,15-19,female,2020,0,2020,2,3,-1,3
Week 22,15-19,male,2020,0,2020,5,12,-7,12
Week 22,20-24,female,2020,0,2020,5,7,-2,7
Week 22,20-24,male,2020,1,2020,15,21,-6,21
Week 22,25-29,female,2020,0,2020,4,11,-7,11
Week 22,25-29,male,2020,1,2020,21,26,-5,26
Week 22,30-34,female,2020,0,2020,10,16,-6,16
Week 22,30-34,male,2020,0,2020,30,26,4,26
Week 22,35-39,female,2020,1,2020,22,24,-2,24
Week 22,35-39,male,2020,1,2020,41,41,0,41
Week 22,40-44,female,2020,1,2020,33,35,-2,35
Week 22,40-44,male,2020,1,2020,44,55,-11,55
Week 22,45-49,female,2020,5,2020,51,58,-7,58
Week 22,45-49,male,2020,6,2020,85,87,-2,87
Week 22,50-54,female,2020,6,2020,98,91,7,91
Week 22,50-54,male,2020,12,2020,119,143,-24,143
Week 22,55-59,female,2020,16,2020,130,128,2,128
Week 22,55-59,male,2020,25,2020,202,187,15,187
Week 22,60-64,female,2020,21,2020,182,176,6,176
Week 22,60-64,male,2020,32,2020,256,259,-3,259
Week 22,65-69,female,2020,33,2020,247,266,-19,266
Week 22,65-69,male,2020,33,2020,361,394,-33,394
Week 22,70-74,female,2020,67,2020,426,382,44,382
Week 22,70-74,male,2020,90,2020,533,515,18,515
Week 22,75-79,female,2020,88,2020,530,508,22,508
Week 22,75-79,male,2020,122,2020,713,631,82,631
Week 22,80-84,female,2020,184,2020,809,723,86,723
Week 22,80-84,male,2020,197,2020,828,765,63,765
Week 22,85-89,female,2020,209,2020,990,901,89,901
Week 22,85-89,male,2020,201,2020,810,749,61,749
Week 22,90+,female,2020,296,2020,1427,1268,159,1268
Week 22,90+,male,2020,172,2020,741,626,115,626
Week 23,00-04,female,2020,0,2020,26,23,3,23
Week 23,00-04,male,2020,0,2020,22,32,-10,32
Week 23,05-09,female,2020,0,2020,1,1,0,1
Week 23,05-09,male,2020,0,2020,3,4,-1,4
Week 23,10-14,female,2020,0,2020,2,2,0,2
Week 23,10-14,male,2020,1,2020,6,2,4,2
Week 23,15-19,female,2020,0,2020,4,5,-1,5
Week 23,15-19,male,2020,0,2020,6,8,-2,8
Week 23,20-24,female,2020,0,2020,9,4,5,4
Week 23,20-24,male,2020,0,2020,16,22,-6,22
Week 23,25-29,female,2020,1,2020,8,9,-1,9
Week 23,25-29,male,2020,0,2020,13,20,-7,20
Week 23,30-34,female,2020,2,2020,18,15,3,15
Week 23,30-34,male,2020,1,2020,35,29,6,29
Week 23,35-39,female,2020,2,2020,30,25,5,25
Week 23,35-39,male,2020,3,2020,43,39,4,39
Week 23,40-44,female,2020,2,2020,27,33,-6,33
Week 23,40-44,male,2020,4,2020,58,56,2,56
Week 23,45-49,female,2020,7,2020,51,60,-9,60
Week 23,45-49,male,2020,3,2020,101,90,11,90
Week 23,50-54,female,2020,11,2020,96,96,0,96
Week 23,50-54,male,2020,14,2020,159,139,20,139
Week 23,55-59,female,2020,20,2020,152,124,28,124
Week 23,55-59,male,2020,21,2020,229,188,41,188
Week 23,60-64,female,2020,17,2020,219,176,43,176
Week 23,60-64,male,2020,30,2020,301,258,43,258
Week 23,65-69,female,2020,34,2020,295,289,6,289
Week 23,65-69,male,2020,50,2020,415,391,24,391
Week 23,70-74,female,2020,54,2020,464,387,77,387
Week 23,70-74,male,2020,75,2020,617,528,89,528
Week 23,75-79,female,2020,80,2020,625,507,118,507
Week 23,75-79,male,2020,118,2020,738,657,81,657
Week 23,80-84,female,2020,130,2020,854,710,144,710
Week 23,80-84,male,2020,167,2020,925,769,156,769
Week 23,85-89,female,2020,187,2020,1041,884,157,884
Week 23,85-89,male,2020,150,2020,885,742,143,742
Week 23,90+,female,2020,257,2020,1444,1257,187,1257
Week 23,90+,male,2020,147,2020,771,623,148,623
Week 24,00-04,female,2020,0,2020,19,28,-9,28
Week 24,00-04,male,2020,0,2020,29,33,-4,33
Week 24,05-09,female,2020,0,2020,0,2,-2,2
Week 24,05-09,male,2020,0,2020,2,4,-2,4
Week 24,10-14,female,2020,0,2020,2,2,0,2
Week 24,10-14,male,2020,0,2020,3,4,-1,4
Week 24,15-19,female,2020,0,2020,3,7,-4,7
Week 24,15-19,male,2020,0,2020,7,9,-2,9
Week 24,20-24,female,2020,0,2020,5,5,0,5
Week 24,20-24,male,2020,0,2020,18,17,1,17
Week 24,25-29,female,2020,0,2020,9,10,-1,10
Week 24,25-29,male,2020,1,2020,19,19,0,19
Week 24,30-34,female,2020,0,2020,20,16,4,16
Week 24,30-34,male,2020,0,2020,22,32,-10,32
Week 24,35-39,female,2020,1,2020,32,21,11,21
Week 24,35-39,male,2020,2,2020,52,40,12,40
Week 24,40-44,female,2020,4,2020,44,31,13,31
Week 24,40-44,male,2020,1,2020,56,59,-3,59
Week 24,45-49,female,2020,2,2020,67,64,3,64
Week 24,45-49,male,2020,6,2020,99,101,-2,101
Week 24,50-54,female,2020,4,2020,94,95,-1,95
Week 24,50-54,male,2020,12,2020,152,137,15,137
Week 24,55-59,female,2020,9,2020,135,133,2,133
Week 24,55-59,male,2020,18,2020,211,192,19,192
Week 24,60-64,female,2020,14,2020,202,172,30,172
Week 24,60-64,male,2020,20,2020,310,247,63,247
Week 24,65-69,female,2020,20,2020,272,263,9,263
Week 24,65-69,male,2020,25,2020,376,390,-14,390
Week 24,70-74,female,2020,34,2020,470,385,85,385
Week 24,70-74,male,2020,58,2020,601,518,83,518
Week 24,75-79,female,2020,60,2020,548,496,52,496
Week 24,75-79,male,2020,79,2020,682,634,48,634
Week 24,80-84,female,2020,99,2020,796,725,71,725
Week 24,80-84,male,2020,125,2020,840,759,81,759
Week 24,85-89,female,2020,122,2020,950,885,65,885
Week 24,85-89,male,2020,121,2020,761,740,21,740
Week 24,90+,female,2020,174,2020,1323,1274,49,1274
Week 24,90+,male,2020,103,2020,745,621,124,621
Week 25,00-04,female,2020,0,2020,24,24,0,24
Week 25,00-04,male,2020,0,2020,34,29,5,29
Week 25,05-09,female,2020,0,2020,3,2,1,2
Week 25,05-09,male,2020,0,2020,2,2,0,2
Week 25,10-14,female,2020,0,2020,1,1,0,1
Week 25,10-14,male,2020,0,2020,3,3,0,3
Week 25,15-19,female,2020,0,2020,4,3,1,3
Week 25,15-19,male,2020,0,2020,5,10,-5,10
Week 25,20-24,female,2020,1,2020,3,7,-4,7
Week 25,20-24,male,2020,0,2020,10,16,-6,16
Week 25,25-29,female,2020,0,2020,9,11,-2,11
Week 25,25-29,male,2020,1,2020,23,22,1,22
Week 25,30-34,female,2020,1,2020,14,17,-3,17
Week 25,30-34,male,2020,0,2020,26,31,-5,31
Week 25,35-39,female,2020,0,2020,21,24,-3,24
Week 25,35-39,male,2020,3,2020,43,35,8,35
Week 25,40-44,female,2020,1,2020,36,38,-2,38
Week 25,40-44,male,2020,5,2020,69,58,11,58
Week 25,45-49,female,2020,4,2020,72,62,10,62
Week 25,45-49,male,2020,2,2020,72,92,-20,92
Week 25,50-54,female,2020,3,2020,91,89,2,89
Week 25,50-54,male,2020,8,2020,157,138,19,138
Week 25,55-59,female,2020,6,2020,143,124,19,124
Week 25,55-59,male,2020,13,2020,224,197,27,197
Week 25,60-64,female,2020,14,2020,198,171,27,171
Week 25,60-64,male,2020,17,2020,249,264,-15,264
Week 25,65-69,female,2020,14,2020,256,271,-15,271
Week 25,65-69,male,2020,24,2020,408,384,24,384
Week 25,70-74,female,2020,20,2020,415,372,43,372
Week 25,70-74,male,2020,45,2020,536,542,-6,542
Week 25,75-79,female,2020,35,2020,441,508,-67,508
Week 25,75-79,male,2020,60,2020,689,634,55,634
Week 25,80-84,female,2020,78,2020,736,723,13,723
Week 25,80-84,male,2020,85,2020,814,759,55,759
Week 25,85-89,female,2020,100,2020,819,909,-90,909
Week 25,85-89,male,2020,64,2020,777,765,12,765
Week 25,90+,female,2020,114,2020,1283,1269,14,1269
Week 25,90+,male,2020,65,2020,629,631,-2,631
Week 26,00-04,female,2020,0,2020,22,20,2,20
Week 26,00-04,male,2020,0,2020,29,32,-3,32
Week 26,05-09,female,2020,0,2020,2,1,1,1
Week 26,05-09,male,2020,0,2020,2,3,-1,3
Week 26,10-14,female,2020,0,2020,2,3,-1,3
Week 26,10-14,male,2020,0,2020,1,4,-3,4
Week 26,15-19,female,2020,0,2020,0,6,-6,6
Week 26,15-19,male,2020,0,2020,2,8,-6,8
Week 26,20-24,female,2020,0,2020,1,5,-4,5
Week 26,20-24,male,2020,0,2020,12,11,1,11
Week 26,25-29,female,2020,0,2020,9,13,-4,13
Week 26,25-29,male,2020,0,2020,29,24,5,24
Week 26,30-34,female,2020,0,2020,8,18,-10,18
Week 26,30-34,male,2020,0,2020,20,29,-9,29
Week 26,35-39,female,2020,0,2020,22,22,0,22
Week 26,35-39,male,2020,0,2020,26,41,-15,41
Week 26,40-44,female,2020,1,2020,34,36,-2,36
Week 26,40-44,male,2020,2,2020,56,54,2,54
Week 26,45-49,female,2020,2,2020,54,66,-12,66
Week 26,45-49,male,2020,2,2020,105,92,13,92
Week 26,50-54,female,2020,4,2020,95,88,7,88
Week 26,50-54,male,2020,8,2020,137,134,3,134
Week 26,55-59,female,2020,4,2020,120,138,-18,138
Week 26,55-59,male,2020,8,2020,215,185,30,185
Week 26,60-64,female,2020,10,2020,174,170,4,170
Week 26,60-64,male,2020,17,2020,250,254,-4,254
Week 26,65-69,female,2020,8,2020,246,274,-28,274
Week 26,65-69,male,2020,24,2020,352,395,-43,395
Week 26,70-74,female,2020,24,2020,435,391,44,391
Week 26,70-74,male,2020,29,2020,535,532,3,532
Week 26,75-79,female,2020,34,2020,525,462,63,462
Week 26,75-79,male,2020,46,2020,627,622,5,622
Week 26,80-84,female,2020,48,2020,715,697,18,697
Week 26,80-84,male,2020,72,2020,740,754,-14,754
Week 26,85-89,female,2020,50,2020,803,887,-84,887
Week 26,85-89,male,2020,72,2020,743,731,12,731
Week 26,90+,female,2020,82,2020,1212,1228,-16,1228
Week 26,90+,male,2020,59,2020,619,606,13,606
Week 27,00-04,female,2020,0,2020,24,25,-1,25
Week 27,00-04,male,2020,0,2020,30,29,1,29
Week 27,05-09,female,2020,0,2020,0,3,-3,3
Week 27,05-09,male,2020,0,2020,2,2,0,2
Week 27,10-14,female,2020,0,2020,1,4,-3,4
Week 27,10-14,male,2020,0,2020,3,2,1,2
Week 27,15-19,female,2020,0,2020,5,6,-1,6
Week 27,15-19,male,2020,0,2020,9,8,1,8
Week 27,20-24,female,2020,0,2020,7,8,-1,8
Week 27,20-24,male,2020,0,2020,12,17,-5,17
Week 27,25-29,female,2020,0,2020,9,9,0,9
Week 27,25-29,male,2020,0,2020,20,26,-6,26
Week 27,30-34,female,2020,1,2020,15,15,0,15
Week 27,30-34,male,2020,0,2020,29,34,-5,34
Week 27,35-39,female,2020,1,2020,29,23,6,23
Week 27,35-39,male,2020,0,2020,33,39,-6,39
Week 27,40-44,female,2020,2,2020,41,33,8,33
Week 27,40-44,male,2020,2,2020,63,50,13,50
Week 27,45-49,female,2020,4,2020,59,61,-2,61
Week 27,45-49,male,2020,4,2020,98,93,5,93
Week 27,50-54,female,2020,1,2020,84,100,-16,100
Week 27,50-54,male,2020,7,2020,148,146,2,146
Week 27,55-59,female,2020,2,2020,141,135,6,135
Week 27,55-59,male,2020,11,2020,198,192,6,192
Week 27,60-64,female,2020,0,2020,172,171,1,171
Week 27,60-64,male,2020,12,2020,281,254,27,254
Week 27,65-69,female,2020,10,2020,243,258,-15,258
Week 27,65-69,male,2020,18,2020,378,404,-26,404
Week 27,70-74,female,2020,25,2020,426,380,46,380
Week 27,70-74,male,2020,19,2020,554,535,19,535
Week 27,75-79,female,2020,27,2020,524,518,6,518
Week 27,75-79,male,2020,44,2020,667,635,32,635
Week 27,80-84,female,2020,47,2020,641,714,-73,714
Week 27,80-84,male,2020,66,2020,798,764,34,764
Week 27,85-89,female,2020,61,2020,872,911,-39,911
Week 27,85-89,male,2020,53,2020,704,754,-50,754
Week 27,90+,female,2020,69,2020,1209,1260,-51,1260
Week 27,90+,male,2020,46,2020,611,635,-24,635
Week 28,00-04,female,2020,0,2020,28,26,2,26
Week 28,00-04,male,2020,0,2020,33,30,3,30
Week 28,05-09,female,2020,0,2020,1,2,-1,2
Week 28,05-09,male,2020,0,2020,1,2,-1,2
Week 28,10-14,female,2020,0,2020,3,3,0,3
Week 28,10-14,male,2020,0,2020,2,3,-1,3
Week 28,15-19,female,2020,0,2020,3,5,-2,5
Week 28,15-19,male,2020,0,2020,8,10,-2,10
Week 28,20-24,female,2020,0,2020,7,7,0,7
Week 28,20-24,male,2020,1,2020,17,16,1,16
Week 28,25-29,female,2020,0,2020,9,8,1,8
Week 28,25-29,male,2020,0,2020,20,25,-5,25
Week 28,30-34,female,2020,0,2020,19,17,2,17
Week 28,30-34,male,2020,0,2020,29,27,2,27
Week 28,35-39,female,2020,1,2020,24,22,2,22
Week 28,35-39,male,2020,0,2020,46,36,10,36
Week 28,40-44,female,2020,0,2020,29,38,-9,38
Week 28,40-44,male,2020,2,2020,53,58,-5,58
Week 28,45-49,female,2020,0,2020,58,60,-2,60
Week 28,45-49,male,2020,1,2020,101,91,10,91
Week 28,50-54,female,2020,3,2020,86,87,-1,87
Week 28,50-54,male,2020,2,2020,138,134,4,134
Week 28,55-59,female,2020,1,2020,120,131,-11,131
Week 28,55-59,male,2020,7,2020,180,186,-6,186
Week 28,60-64,female,2020,4,2020,157,173,-16,173
Week 28,60-64,male,2020,11,2020,268,262,6,262
Week 28,65-69,female,2020,10,2020,249,244,5,244
Week 28,65-69,male,2020,12,2020,352,379,-27,379
Week 28,70-74,female,2020,14,2020,419,378,41,378
Week 28,70-74,male,2020,23,2020,523,517,6,517
Week 28,75-79,female,2020,18,2020,482,487,-5,487
Week 28,75-79,male,2020,33,2020,619,602,17,602
Week 28,80-84,female,2020,23,2020,677,688,-11,688
Week 28,80-84,male,2020,40,2020,751,747,4,747
Week 28,85-89,female,2020,31,2020,807,854,-47,854
Week 28,85-89,male,2020,34,2020,668,715,-47,715
Week 28,90+,female,2020,59,2020,1102,1206,-104,1206
Week 28,90+,male,2020,36,2020,601,605,-4,605
Week 29,00-04,female,2020,0,2020,20,21,-1,21
Week 29,00-04,male,2020,0,2020,21,34,-13,34
Week 29,05-09,female,2020,0,2020,1,1,0,1
Week 29,05-09,male,2020,0,2020,3,3,0,3
Week 29,10-14,female,2020,0,2020,0,1,-1,1
Week 29,10-14,male,2020,0,2020,0,2,-2,2
Week 29,15-19,female,2020,0,2020,3,5,-2,5
Week 29,15-19,male,2020,0,2020,7,8,-1,8
Week 29,20-24,female,2020,0,2020,5,8,-3,8
Week 29,20-24,male,2020,0,2020,16,13,3,13
Week 29,25-29,female,2020,0,2020,12,9,3,9
Week 29,25-29,male,2020,0,2020,15,25,-10,25
Week 29,30-34,female,2020,0,2020,22,16,6,16
Week 29,30-34,male,2020,0,2020,21,28,-7,28
Week 29,35-39,female,2020,0,2020,23,23,0,23
Week 29,35-39,male,2020,1,2020,49,40,9,40
Week 29,40-44,female,2020,0,2020,35,33,2,33
Week 29,40-44,male,2020,2,2020,69,55,14,55
Week 29,45-49,female,2020,1,2020,64,61,3,61
Week 29,45-49,male,2020,6,2020,97,96,1,96
Week 29,50-54,female,2020,2,2020,100,93,7,93
Week 29,50-54,male,2020,3,2020,151,144,7,144
Week 29,55-59,female,2020,2,2020,134,124,10,124
Week 29,55-59,male,2020,5,2020,210,205,5,205
Week 29,60-64,female,2020,5,2020,188,172,16,172
Week 29,60-64,male,2020,4,2020,254,252,2,252
Week 29,65-69,female,2020,5,2020,231,259,-28,259
Week 29,65-69,male,2020,9,2020,377,391,-14,391
Week 29,70-74,female,2020,14,2020,422,384,38,384
Week 29,70-74,male,2020,13,2020,516,517,-1,517
Week 29,75-79,female,2020,13,2020,510,482,28,482
Week 29,75-79,male,2020,25,2020,622,613,9,613
Week 29,80-84,female,2020,17,2020,681,698,-17,698
Week 29,80-84,male,2020,41,2020,734,749,-15,749
Week 29,85-89,female,2020,25,2020,836,909,-73,909
Week 29,85-89,male,2020,29,2020,639,746,-107,746
Week 29,90+,female,2020,47,2020,1171,1253,-82,1253
Week 29,90+,male,2020,26,2020,564,627,-63,627
Week 3,00-04,female,2021,0,2021,27,23,4,23
Week 3,00-04,female,2021,0,2020,34,23,11,23
Week 3,00-04,female,2020,0,2021,27,23,4,23
Week 3,00-04,female,2020,0,2020,34,23,11,23
Week 3,00-04,male,2021,0,2021,28,37,-9,37
Week 3,00-04,male,2021,0,2020,42,37,5,37
Week 3,00-04,male,2020,0,2021,28,37,-9,37
Week 3,00-04,male,2020,0,2020,42,37,5,37
Week 3,05-09,female,2020,0,2021,4,3,1,3
Week 3,05-09,female,2020,0,2020,1,3,-2,3
Week 3,05-09,female,2021,0,2021,4,3,1,3
Week 3,05-09,female,2021,0,2020,1,3,-2,3
Week 3,05-09,male,2021,0,2020,4,3,1,3
Week 3,05-09,male,2021,0,2021,1,3,-2,3
Week 3,05-09,male,2020,0,2020,4,3,1,3
Week 3,05-09,male,2020,0,2021,1,3,-2,3
Week 3,10-14,female,2020,1,2021,3,2,1,2
Week 3,10-14,female,2020,1,2020,1,2,-1,2
Week 3,10-14,female,2021,1,2021,3,2,1,2
Week 3,10-14,female,2021,1,2020,1,2,-1,2
Week 3,10-14,male,2020,0,2020,3,3,0,3
Week 3,10-14,male,2020,0,2021,2,3,-1,3
Week 3,10-14,male,2021,0,2020,3,3,0,3
Week 3,10-14,male,2021,0,2021,2,3,-1,3
Week 3,15-19,female,2021,2,2021,12,6,6,6
Week 3,15-19,female,2021,2,2020,5,6,-1,6
Week 3,15-19,female,2020,2,2021,12,6,6,6
Week 3,15-19,female,2020,2,2020,5,6,-1,6
Week 3,15-19,male,2021,0,2020,5,8,-3,8
Week 3,15-19,male,2021,0,2021,10,8,2,8
Week 3,15-19,male,2020,0,2020,5,8,-3,8
Week 3,15-19,male,2020,0,2021,10,8,2,8
Week 3,20-24,female,2020,0,2021,5,6,-1,6
Week 3,20-24,female,2020,0,2020,4,6,-2,6
Week 3,20-24,female,2021,0,2021,5,6,-1,6
Week 3,20-24,female,2021,0,2020,4,6,-2,6
Week 3,20-24,male,2020,2,2021,14,18,-4,18
Week 3,20-24,male,2020,2,2020,21,18,3,18
Week 3,20-24,male,2021,2,2021,14,18,-4,18
Week 3,20-24,male,2021,2,2020,21,18,3,18
Week 3,25-29,female,2020,3,2020,6,13,-7,13
Week 3,25-29,female,2020,3,2021,16,13,3,13
Week 3,25-29,female,2021,3,2020,6,13,-7,13
Week 3,25-29,female,2021,3,2021,16,13,3,13
Week 3,25-29,male,2021,4,2020,31,23,8,23
Week 3,25-29,male,2021,4,2021,19,23,-4,23
Week 3,25-29,male,2020,4,2020,31,23,8,23
Week 3,25-29,male,2020,4,2021,19,23,-4,23
Week 3,30-34,female,2021,3,2020,18,18,0,18
Week 3,30-34,female,2021,3,2021,30,18,12,18
Week 3,30-34,female,2020,3,2020,18,18,0,18
Week 3,30-34,female,2020,3,2021,30,18,12,18
Week 3,30-34,male,2020,7,2020,29,29,0,29
Week 3,30-34,male,2020,7,2021,38,29,9,29
Week 3,30-34,male,2021,7,2020,29,29,0,29
Week 3,30-34,male,2021,7,2021,38,29,9,29
Week 3,35-39,female,2021,7,2021,26,29,-3,29
Week 3,35-39,female,2021,7,2020,28,29,-1,29
Week 3,35-39,female,2020,7,2021,26,29,-3,29
Week 3,35-39,female,2020,7,2020,28,29,-1,29
Week 3,35-39,male,2020,18,2021,70,44,26,44
Week 3,35-39,male,2020,18,2020,49,44,5,44
Week 3,35-39,male,2021,18,2021,70,44,26,44
Week 3,35-39,male,2021,18,2020,49,44,5,44
Week 3,40-44,female,2021,11,2020,46,39,7,39
Week 3,40-44,female,2021,11,2021,68,39,29,39
Week 3,40-44,female,2020,11,2020,46,39,7,39
Week 3,40-44,female,2020,11,2021,68,39,29,39
Week 3,40-44,male,2021,34,2021,108,71,37,71
Week 3,40-44,male,2021,34,2020,72,71,1,71
Week 3,40-44,male,2020,34,2021,108,71,37,71
Week 3,40-44,male,2020,34,2020,72,71,1,71
Week 3,45-49,female,2020,39,2021,104,67,37,67
Week 3,45-49,female,2020,39,2020,83,67,16,67
Week 3,45-49,female,2021,39,2021,104,67,37,67
Week 3,45-49,female,2021,39,2020,83,67,16,67
Week 3,45-49,male,2021,51,2021,151,108,43,108
Week 3,45-49,male,2021,51,2020,106,108,-2,108
Week 3,45-49,male,2020,51,2021,151,108,43,108
Week 3,45-49,male,2020,51,2020,106,108,-2,108
Week 3,50-54,female,2021,58,2021,163,111,52,111
Week 3,50-54,female,2021,58,2020,106,111,-5,111
Week 3,50-54,female,2020,58,2021,163,111,52,111
Week 3,50-54,female,2020,58,2020,106,111,-5,111
Week 3,50-54,male,2020,76,2021,263,158,105,158
Week 3,50-54,male,2020,76,2020,200,158,42,158
Week 3,50-54,male,2021,76,2021,263,158,105,158
Week 3,50-54,male,2021,76,2020,200,158,42,158
Week 3,55-59,female,2020,107,2021,245,147,98,147
Week 3,55-59,female,2020,107,2020,166,147,19,147
Week 3,55-59,female,2021,107,2021,245,147,98,147
Week 3,55-59,female,2021,107,2020,166,147,19,147
Week 3,55-59,male,2020,150,2021,367,215,152,215
Week 3,55-59,male,2020,150,2020,295,215,80,215
Week 3,55-59,male,2021,150,2021,367,215,152,215
Week 3,55-59,male,2021,150,2020,295,215,80,215
Week 3,60-64,female,2021,141,2021,340,209,131,209
Week 3,60-64,female,2021,141,2020,224,209,15,209
Week 3,60-64,female,2020,141,2021,340,209,131,209
Week 3,60-64,female,2020,141,2020,224,209,15,209
Week 3,60-64,male,2021,236,2020,338,307,31,307
Week 3,60-64,male,2021,236,2021,569,307,262,307
Week 3,60-64,male,2020,236,2020,338,307,31,307
Week 3,60-64,male,2020,236,2021,569,307,262,307
Week 3,65-69,female,2020,205,2020,332,339,-7,339
Week 3,65-69,female,2020,205,2021,477,339,138,339
Week 3,65-69,female,2021,205,2020,332,339,-7,339
Week 3,65-69,female,2021,205,2021,477,339,138,339
Week 3,65-69,male,2020,316,2021,713,480,233,480
Week 3,65-69,male,2020,316,2020,471,480,-9,480
Week 3,65-69,male,2021,316,2021,713,480,233,480
Week 3,65-69,male,2021,316,2020,471,480,-9,480
Week 3,70-74,female,2020,317,2021,749,488,261,488
Week 3,70-74,female,2020,317,2020,520,488,32,488
Week 3,70-74,female,2021,317,2021,749,488,261,488
Week 3,70-74,female,2021,317,2020,520,488,32,488
Week 3,70-74,male,2021,489,2021,1028,641,387,641
Week 3,70-74,male,2021,489,2020,690,641,49,641
Week 3,70-74,male,2020,489,2021,1028,641,387,641
Week 3,70-74,male,2020,489,2020,690,641,49,641
Week 3,75-79,female,2020,438,2021,945,693,252,693
Week 3,75-79,female,2020,438,2020,726,693,33,693
Week 3,75-79,female,2021,438,2021,945,693,252,693
Week 3,75-79,female,2021,438,2020,726,693,33,693
Week 3,75-79,male,2021,672,2021,1350,815,535,815
Week 3,75-79,male,2021,672,2020,886,815,71,815
Week 3,75-79,male,2020,672,2021,1350,815,535,815
Week 3,75-79,male,2020,672,2020,886,815,71,815
Week 3,80-84,female,2021,634,2020,1023,1007,16,1007
Week 3,80-84,female,2021,634,2021,1414,1007,407,1007
Week 3,80-84,female,2020,634,2020,1023,1007,16,1007
Week 3,80-84,female,2020,634,2021,1414,1007,407,1007
Week 3,80-84,male,2020,791,2020,1080,1013,67,1013
Week 3,80-84,male,2020,791,2021,1615,1013,602,1013
Week 3,80-84,male,2021,791,2020,1080,1013,67,1013
Week 3,80-84,male,2021,791,2021,1615,1013,602,1013
Week 3,85-89,female,2021,849,2020,1304,1344,-40,1344
Week 3,85-89,female,2021,849,2021,1862,1344,518,1344
Week 3,85-89,female,2020,849,2020,1304,1344,-40,1344
Week 3,85-89,female,2020,849,2021,1862,1344,518,1344
Week 3,85-89,male,2021,835,2021,1656,1064,592,1064
Week 3,85-89,male,2021,835,2020,1117,1064,53,1064
Week 3,85-89,male,2020,835,2021,1656,1064,592,1064
Week 3,85-89,male,2020,835,2020,1117,1064,53,1064
Week 3,90+,female,2021,1176,2020,1933,2078,-145,2078
Week 3,90+,female,2021,1176,2021,2646,2078,568,2078
Week 3,90+,female,2020,1176,2020,1933,2078,-145,2078
Week 3,90+,female,2020,1176,2021,2646,2078,568,2078
Week 3,90+,male,2021,750,2020,991,971,20,971
Week 3,90+,male,2021,750,2021,1538,971,567,971
Week 3,90+,male,2020,750,2020,991,971,20,971
Week 3,90+,male,2020,750,2021,1538,971,567,971
Week 30,00-04,female,2020,0,2020,20,25,-5,25
Week 30,00-04,male,2020,0,2020,32,31,1,31
Week 30,05-09,female,2020,0,2020,3,3,0,3
Week 30,05-09,male,2020,0,2020,2,3,-1,3
Week 30,10-14,female,2020,0,2020,1,2,-1,2
Week 30,10-14,male,2020,0,2020,3,3,0,3
Week 30,15-19,female,2020,0,2020,2,5,-3,5
Week 30,15-19,male,2020,0,2020,7,7,0,7
Week 30,20-24,female,2020,0,2020,6,6,0,6
Week 30,20-24,male,2020,0,2020,11,15,-4,15
Week 30,25-29,female,2020,0,2020,14,8,6,8
Week 30,25-29,male,2020,0,2020,12,20,-8,20
Week 30,30-34,female,2020,1,2020,21,19,2,19
Week 30,30-34,male,2020,0,2020,31,29,2,29
Week 30,35-39,female,2020,0,2020,19,28,-9,28
Week 30,35-39,male,2020,0,2020,45,40,5,40
Week 30,40-44,female,2020,0,2020,43,32,11,32
Week 30,40-44,male,2020,2,2020,64,60,4,60
Week 30,45-49,female,2020,1,2020,61,63,-2,63
Week 30,45-49,male,2020,1,2020,108,94,14,94
Week 30,50-54,female,2020,2,2020,95,89,6,89
Week 30,50-54,male,2020,7,2020,142,132,10,132
Week 30,55-59,female,2020,3,2020,137,125,12,125
Week 30,55-59,male,2020,6,2020,233,177,56,177
Week 30,60-64,female,2020,3,2020,152,169,-17,169
Week 30,60-64,male,2020,4,2020,280,248,32,248
Week 30,65-69,female,2020,5,2020,255,271,-16,271
Week 30,65-69,male,2020,8,2020,334,376,-42,376
Week 30,70-74,female,2020,19,2020,389,385,4,385
Week 30,70-74,male,2020,8,2020,539,531,8,531
Week 30,75-79,female,2020,13,2020,506,490,16,490
Week 30,75-79,male,2020,16,2020,584,640,-56,640
Week 30,80-84,female,2020,12,2020,653,727,-74,727
Week 30,80-84,male,2020,21,2020,763,774,-11,774
Week 30,85-89,female,2020,26,2020,835,891,-56,891
Week 30,85-89,male,2020,22,2020,693,735,-42,735
Week 30,90+,female,2020,18,2020,1190,1242,-52,1242
Week 30,90+,male,2020,19,2020,606,607,-1,607
Week 31,00-04,female,2020,0,2020,22,27,-5,27
Week 31,00-04,male,2020,0,2020,34,29,5,29
Week 31,05-09,female,2020,1,2020,2,2,0,2
Week 31,05-09,male,2020,0,2020,3,2,1,2
Week 31,10-14,female,2020,0,2020,1,2,-1,2
Week 31,10-14,male,2020,0,2020,2,2,0,2
Week 31,15-19,female,2020,0,2020,4,4,0,4
Week 31,15-19,male,2020,0,2020,8,11,-3,11
Week 31,20-24,female,2020,0,2020,8,8,0,8
Week 31,20-24,male,2020,0,2020,21,19,2,19
Week 31,25-29,female,2020,0,2020,10,9,1,9
Week 31,25-29,male,2020,0,2020,20,24,-4,24
Week 31,30-34,female,2020,0,2020,21,14,7,14
Week 31,30-34,male,2020,0,2020,25,31,-6,31
Week 31,35-39,female,2020,1,2020,23,27,-4,27
Week 31,35-39,male,2020,0,2020,35,37,-2,37
Week 31,40-44,female,2020,0,2020,41,34,7,34
Week 31,40-44,male,2020,1,2020,72,54,18,54
Week 31,45-49,female,2020,2,2020,66,62,4,62
Week 31,45-49,male,2020,2,2020,109,95,14,95
Week 31,50-54,female,2020,0,2020,90,90,0,90
Week 31,50-54,male,2020,2,2020,154,136,18,136
Week 31,55-59,female,2020,2,2020,125,131,-6,131
Week 31,55-59,male,2020,5,2020,246,185,61,185
Week 31,60-64,female,2020,3,2020,167,168,-1,168
Week 31,60-64,male,2020,6,2020,252,253,-1,253
Week 31,65-69,female,2020,7,2020,229,250,-21,250
Week 31,65-69,male,2020,9,2020,366,368,-2,368
Week 31,70-74,female,2020,5,2020,422,364,58,364
Week 31,70-74,male,2020,9,2020,561,515,46,515
Week 31,75-79,female,2020,13,2020,520,479,41,479
Week 31,75-79,male,2020,16,2020,599,593,6,593
Week 31,80-84,female,2020,12,2020,695,668,27,668
Week 31,80-84,male,2020,27,2020,745,737,8,737
Week 31,85-89,female,2020,17,2020,751,851,-100,851
Week 31,85-89,male,2020,16,2020,740,704,36,704
Week 31,90+,female,2020,23,2020,1179,1201,-22,1201
Week 31,90+,male,2020,14,2020,578,598,-20,598
Week 32,00-04,female,2020,0,2020,25,26,-1,26
Week 32,00-04,male,2020,0,2020,23,31,-8,31
Week 32,05-09,female,2020,0,2020,3,1,2,1
Week 32,05-09,male,2020,0,2020,2,4,-2,4
Week 32,10-14,female,2020,0,2020,3,3,0,3
Week 32,10-14,male,2020,0,2020,3,3,0,3
Week 32,15-19,female,2020,0,2020,2,5,-3,5
Week 32,15-19,male,2020,0,2020,11,10,1,10
Week 32,20-24,female,2020,0,2020,11,5,6,5
Week 32,20-24,male,2020,0,2020,16,19,-3,19
Week 32,25-29,female,2020,0,2020,15,9,6,9
Week 32,25-29,male,2020,0,2020,35,19,16,19
Week 32,30-34,female,2020,0,2020,28,16,12,16
Week 32,30-34,male,2020,0,2020,43,30,13,30
Week 32,35-39,female,2020,0,2020,28,23,5,23
Week 32,35-39,male,2020,0,2020,40,42,-2,42
Week 32,40-44,female,2020,0,2020,36,34,2,34
Week 32,40-44,male,2020,1,2020,64,61,3,61
Week 32,45-49,female,2020,1,2020,60,57,3,57
Week 32,45-49,male,2020,0,2020,101,95,6,95
Week 32,50-54,female,2020,1,2020,88,94,-6,94
Week 32,50-54,male,2020,2,2020,151,140,11,140
Week 32,55-59,female,2020,1,2020,131,130,1,130
Week 32,55-59,male,2020,4,2020,208,185,23,185
Week 32,60-64,female,2020,4,2020,189,171,18,171
Week 32,60-64,male,2020,3,2020,251,262,-11,262
Week 32,65-69,female,2020,3,2020,223,269,-46,269
Week 32,65-69,male,2020,9,2020,352,390,-38,390
Week 32,70-74,female,2020,9,2020,369,359,10,359
Week 32,70-74,male,2020,6,2020,537,519,18,519
Week 32,75-79,female,2020,9,2020,503,490,13,490
Week 32,75-79,male,2020,13,2020,621,610,11,610
Week 32,80-84,female,2020,11,2020,694,691,3,691
Week 32,80-84,male,2020,14,2020,732,752,-20,752
Week 32,85-89,female,2020,16,2020,845,874,-29,874
Week 32,85-89,male,2020,11,2020,683,732,-49,732
Week 32,90+,female,2020,19,2020,1173,1250,-77,1250
Week 32,90+,male,2020,15,2020,646,634,12,634
Week 33,00-04,female,2020,0,2020,25,25,0,25
Week 33,00-04,male,2020,0,2020,30,35,-5,35
Week 33,05-09,female,2020,0,2020,0,1,-1,1
Week 33,05-09,male,2020,0,2020,2,3,-1,3
Week 33,10-14,female,2020,0,2020,2,1,1,1
Week 33,10-14,male,2020,0,2020,6,3,3,3
Week 33,15-19,female,2020,0,2020,3,6,-3,6
Week 33,15-19,male,2020,0,2020,9,9,0,9
Week 33,20-24,female,2020,0,2020,4,6,-2,6
Week 33,20-24,male,2020,0,2020,20,15,5,15
Week 33,25-29,female,2020,0,2020,12,9,3,9
Week 33,25-29,male,2020,0,2020,20,21,-1,21
Week 33,30-34,female,2020,1,2020,20,14,6,14
Week 33,30-34,male,2020,0,2020,29,27,2,27
Week 33,35-39,female,2020,0,2020,29,24,5,24
Week 33,35-39,male,2020,0,2020,38,42,-4,42
Week 33,40-44,female,2020,0,2020,45,36,9,36
Week 33,40-44,male,2020,1,2020,60,54,6,54
Week 33,45-49,female,2020,1,2020,65,58,7,58
Week 33,45-49,male,2020,1,2020,88,96,-8,96
Week 33,50-54,female,2020,0,2020,95,88,7,88
Week 33,50-54,male,2020,0,2020,140,133,7,133
Week 33,55-59,female,2020,1,2020,126,130,-4,130
Week 33,55-59,male,2020,0,2020,185,186,-1,186
Week 33,60-64,female,2020,2,2020,197,167,30,167
Week 33,60-64,male,2020,3,2020,254,251,3,251
Week 33,65-69,female,2020,7,2020,259,259,0,259
Week 33,65-69,male,2020,3,2020,387,380,7,380
Week 33,70-74,female,2020,3,2020,397,391,6,391
Week 33,70-74,male,2020,12,2020,558,525,33,525
Week 33,75-79,female,2020,7,2020,499,480,19,480
Week 33,75-79,male,2020,9,2020,683,622,61,622
Week 33,80-84,female,2020,9,2020,720,716,4,716
Week 33,80-84,male,2020,14,2020,812,758,54,758
Week 33,85-89,female,2020,13,2020,836,878,-42,878
Week 33,85-89,male,2020,16,2020,751,728,23,728
Week 33,90+,female,2020,26,2020,1301,1215,86,1215
Week 33,90+,male,2020,10,2020,685,624,61,624
Week 34,00-04,female,2020,0,2020,18,21,-3,21
Week 34,00-04,male,2020,0,2020,38,27,11,27
Week 34,05-09,female,2020,0,2020,3,2,1,2
Week 34,05-09,male,2020,0,2020,1,1,0,1
Week 34,10-14,female,2020,0,2020,2,2,0,2
Week 34,10-14,male,2020,0,2020,3,3,0,3
Week 34,15-19,female,2020,0,2020,5,6,-1,6
Week 34,15-19,male,2020,0,2020,9,6,3,6
Week 34,20-24,female,2020,0,2020,6,7,-1,7
Week 34,20-24,male,2020,0,2020,21,11,10,11
Week 34,25-29,female,2020,0,2020,10,12,-2,12
Week 34,25-29,male,2020,0,2020,18,25,-7,25
Week 34,30-34,female,2020,0,2020,13,14,-1,14
Week 34,30-34,male,2020,0,2020,29,32,-3,32
Week 34,35-39,female,2020,0,2020,28,23,5,23
Week 34,35-39,male,2020,0,2020,52,36,16,36
Week 34,40-44,female,2020,1,2020,34,30,4,30
Week 34,40-44,male,2020,0,2020,70,51,19,51
Week 34,45-49,female,2020,1,2020,60,57,3,57
Week 34,45-49,male,2020,1,2020,87,77,10,77
Week 34,50-54,female,2020,2,2020,96,93,3,93
Week 34,50-54,male,2020,2,2020,164,132,32,132
Week 34,55-59,female,2020,1,2020,164,115,49,115
Week 34,55-59,male,2020,6,2020,210,191,19,191
Week 34,60-64,female,2020,1,2020,186,163,23,163
Week 34,60-64,male,2020,4,2020,284,250,34,250
Week 34,65-69,female,2020,2,2020,246,289,-43,289
Week 34,65-69,male,2020,5,2020,354,380,-26,380
Week 34,70-74,female,2020,4,2020,426,381,45,381
Week 34,70-74,male,2020,5,2020,544,517,27,517
Week 34,75-79,female,2020,3,2020,562,484,78,484
Week 34,75-79,male,2020,16,2020,713,613,100,613
Week 34,80-84,female,2020,21,2020,731,701,30,701
Week 34,80-84,male,2020,13,2020,817,750,67,750
Week 34,85-89,female,2020,22,2020,877,907,-30,907
Week 34,85-89,male,2020,13,2020,751,718,33,718
Week 34,90+,female,2020,10,2020,1345,1206,139,1206
Week 34,90+,male,2020,5,2020,654,634,20,634
Week 35,00-04,female,2020,0,2020,17,27,-10,27
Week 35,00-04,male,2020,0,2020,26,37,-11,37
Week 35,05-09,female,2020,0,2020,5,1,4,1
Week 35,05-09,male,2020,0,2020,2,2,0,2
Week 35,10-14,female,2020,0,2020,3,1,2,1
Week 35,10-14,male,2020,0,2020,3,3,0,3
Week 35,15-19,female,2020,0,2020,5,4,1,4
Week 35,15-19,male,2020,0,2020,9,9,0,9
Week 35,20-24,female,2020,0,2020,8,8,0,8
Week 35,20-24,male,2020,0,2020,14,19,-5,19
Week 35,25-29,female,2020,0,2020,11,12,-1,12
Week 35,25-29,male,2020,0,2020,24,25,-1,25
Week 35,30-34,female,2020,0,2020,12,14,-2,14
Week 35,30-34,male,2020,0,2020,38,27,11,27
Week 35,35-39,female,2020,1,2020,27,24,3,24
Week 35,35-39,male,2020,1,2020,40,38,2,38
Week 35,40-44,female,2020,1,2020,24,37,-13,37
Week 35,40-44,male,2020,1,2020,59,52,7,52
Week 35,45-49,female,2020,0,2020,52,59,-7,59
Week 35,45-49,male,2020,2,2020,103,82,21,82
Week 35,50-54,female,2020,0,2020,87,92,-5,92
Week 35,50-54,male,2020,3,2020,162,145,17,145
Week 35,55-59,female,2020,0,2020,133,126,7,126
Week 35,55-59,male,2020,4,2020,219,188,31,188
Week 35,60-64,female,2020,2,2020,189,171,18,171
Week 35,60-64,male,2020,3,2020,291,255,36,255
Week 35,65-69,female,2020,3,2020,261,256,5,256
Week 35,65-69,male,2020,5,2020,365,397,-32,397
Week 35,70-74,female,2020,1,2020,394,375,19,375
Week 35,70-74,male,2020,4,2020,554,517,37,517
Week 35,75-79,female,2020,5,2020,515,497,18,497
Week 35,75-79,male,2020,8,2020,614,593,21,593
Week 35,80-84,female,2020,6,2020,739,679,60,679
Week 35,80-84,male,2020,15,2020,728,728,0,728
Week 35,85-89,female,2020,8,2020,808,876,-68,876
Week 35,85-89,male,2020,9,2020,713,743,-30,743
Week 35,90+,female,2020,8,2020,1166,1204,-38,1204
Week 35,90+,male,2020,11,2020,612,606,6,606
Week 36,00-04,female,2020,0,2020,11,22,-11,22
Week 36,00-04,male,2020,0,2020,21,25,-4,25
Week 36,05-09,female,2020,0,2020,2,3,-1,3
Week 36,05-09,male,2020,0,2020,0,2,-2,2
Week 36,10-14,female,2020,0,2020,0,2,-2,2
Week 36,10-14,male,2020,0,2020,5,3,2,3
Week 36,15-19,female,2020,0,2020,6,4,2,4
Week 36,15-19,male,2020,0,2020,1,11,-10,11
Week 36,20-24,female,2020,0,2020,3,4,-1,4
Week 36,20-24,male,2020,0,2020,18,16,2,16
Week 36,25-29,female,2020,0,2020,6,11,-5,11
Week 36,25-29,male,2020,0,2020,20,22,-2,22
Week 36,30-34,female,2020,0,2020,11,15,-4,15
Week 36,30-34,male,2020,0,2020,24,25,-1,25
Week 36,35-39,female,2020,0,2020,28,20,8,20
Week 36,35-39,male,2020,0,2020,38,34,4,34
Week 36,40-44,female,2020,0,2020,41,36,5,36
Week 36,40-44,male,2020,0,2020,46,55,-9,55
Week 36,45-49,female,2020,0,2020,49,57,-8,57
Week 36,45-49,male,2020,0,2020,88,90,-2,90
Week 36,50-54,female,2020,2,2020,87,89,-2,89
Week 36,50-54,male,2020,2,2020,134,131,3,131
Week 36,55-59,female,2020,1,2020,150,125,25,125
Week 36,55-59,male,2020,2,2020,170,180,-10,180
Week 36,60-64,female,2020,2,2020,147,176,-29,176
Week 36,60-64,male,2020,3,2020,196,247,-51,247
Week 36,65-69,female,2020,3,2020,223,247,-24,247
Week 36,65-69,male,2020,3,2020,308,365,-57,365
Week 36,70-74,female,2020,2,2020,350,368,-18,368
Week 36,70-74,male,2020,3,2020,496,542,-46,542
Week 36,75-79,female,2020,1,2020,425,507,-82,507
Week 36,75-79,male,2020,12,2020,540,614,-74,614
Week 36,80-84,female,2020,9,2020,614,690,-76,690
Week 36,80-84,male,2020,6,2020,654,743,-89,743
Week 36,85-89,female,2020,3,2020,691,877,-186,877
Week 36,85-89,male,2020,8,2020,598,714,-116,714
Week 36,90+,female,2020,9,2020,970,1225,-255,1225
Week 36,90+,male,2020,7,2020,568,613,-45,613
Week 37,00-04,female,2020,0,2020,24,25,-1,25
Week 37,00-04,male,2020,0,2020,21,29,-8,29
Week 37,05-09,female,2020,0,2020,0,2,-2,2
Week 37,05-09,male,2020,0,2020,5,2,3,2
Week 37,10-14,female,2020,0,2020,1,2,-1,2
Week 37,10-14,male,2020,0,2020,2,2,0,2
Week 37,15-19,female,2020,0,2020,7,5,2,5
Week 37,15-19,male,2020,0,2020,8,7,1,7
Week 37,20-24,female,2020,0,2020,9,6,3,6
Week 37,20-24,male,2020,0,2020,18,16,2,16
Week 37,25-29,female,2020,0,2020,9,11,-2,11
Week 37,25-29,male,2020,0,2020,26,21,5,21
Week 37,30-34,female,2020,0,2020,20,13,7,13
Week 37,30-34,male,2020,1,2020,33,29,4,29
Week 37,35-39,female,2020,1,2020,30,24,6,24
Week 37,35-39,male,2020,1,2020,48,36,12,36
Week 37,40-44,female,2020,0,2020,28,35,-7,35
Week 37,40-44,male,2020,1,2020,67,49,18,49
Week 37,45-49,female,2020,1,2020,49,56,-7,56
Week 37,45-49,male,2020,1,2020,87,89,-2,89
Week 37,50-54,female,2020,0,2020,88,100,-12,100
Week 37,50-54,male,2020,1,2020,155,131,24,131
Week 37,55-59,female,2020,1,2020,137,127,10,127
Week 37,55-59,male,2020,0,2020,240,184,56,184
Week 37,60-64,female,2020,2,2020,167,177,-10,177
Week 37,60-64,male,2020,3,2020,286,259,27,259
Week 37,65-69,female,2020,4,2020,263,269,-6,269
Week 37,65-69,male,2020,6,2020,408,385,23,385
Week 37,70-74,female,2020,3,2020,470,385,85,385
Week 37,70-74,male,2020,7,2020,584,537,47,537
Week 37,75-79,female,2020,6,2020,565,498,67,498
Week 37,75-79,male,2020,9,2020,647,636,11,636
Week 37,80-84,female,2020,4,2020,756,681,75,681
Week 37,80-84,male,2020,9,2020,821,752,69,752
Week 37,85-89,female,2020,15,2020,851,910,-59,910
Week 37,85-89,male,2020,8,2020,806,768,38,768
Week 37,90+,female,2020,5,2020,1319,1203,116,1203
Week 37,90+,male,2020,10,2020,756,652,104,652
Week 38,00-04,female,2020,0,2020,24,23,1,23
Week 38,00-04,male,2020,0,2020,16,26,-10,26
Week 38,05-09,female,2020,0,2020,1,3,-2,3
Week 38,05-09,male,2020,0,2020,3,3,0,3
Week 38,10-14,female,2020,0,2020,4,1,3,1
Week 38,10-14,male,2020,0,2020,3,2,1,2
Week 38,15-19,female,2020,0,2020,6,4,2,4
Week 38,15-19,male,2020,0,2020,9,6,3,6
Week 38,20-24,female,2020,0,2020,8,5,3,5
Week 38,20-24,male,2020,0,2020,27,16,11,16
Week 38,25-29,female,2020,0,2020,5,11,-6,11
Week 38,25-29,male,2020,0,2020,16,21,-5,21
Week 38,30-34,female,2020,0,2020,19,16,3,16
Week 38,30-34,male,2020,2,2020,36,27,9,27
Week 38,35-39,female,2020,0,2020,30,19,11,19
Week 38,35-39,male,2020,1,2020,55,42,13,42
Week 38,40-44,female,2020,1,2020,38,31,7,31
Week 38,40-44,male,2020,0,2020,68,55,13,55
Week 38,45-49,female,2020,1,2020,79,60,19,60
Week 38,45-49,male,2020,0,2020,107,88,19,88
Week 38,50-54,female,2020,1,2020,91,99,-8,99
Week 38,50-54,male,2020,1,2020,152,142,10,142
Week 38,55-59,female,2020,0,2020,139,130,9,130
Week 38,55-59,male,2020,3,2020,208,194,14,194
Week 38,60-64,female,2020,3,2020,197,171,26,171
Week 38,60-64,male,2020,4,2020,258,248,10,248
Week 38,65-69,female,2020,1,2020,230,272,-42,272
Week 38,65-69,male,2020,5,2020,373,383,-10,383
Week 38,70-74,female,2020,8,2020,431,387,44,387
Week 38,70-74,male,2020,8,2020,576,529,47,529
Week 38,75-79,female,2020,4,2020,539,505,34,505
Week 38,75-79,male,2020,17,2020,677,607,70,607
Week 38,80-84,female,2020,9,2020,698,723,-25,723
Week 38,80-84,male,2020,12,2020,830,774,56,774
Week 38,85-89,female,2020,16,2020,850,900,-50,900
Week 38,85-89,male,2020,16,2020,758,763,-5,763
Week 38,90+,female,2020,19,2020,1296,1256,40,1256
Week 38,90+,male,2020,7,2020,665,646,19,646
Week 39,00-04,female,2020,0,2020,27,28,-1,28
Week 39,00-04,male,2020,0,2020,25,34,-9,34
Week 39,05-09,female,2020,0,2020,1,2,-1,2
Week 39,05-09,male,2020,0,2020,2,2,0,2
Week 39,10-14,female,2020,0,2020,6,2,4,2
Week 39,10-14,male,2020,0,2020,1,3,-2,3
Week 39,15-19,female,2020,0,2020,5,4,1,4
Week 39,15-19,male,2020,0,2020,8,7,1,7
Week 39,20-24,female,2020,0,2020,7,7,0,7
Week 39,20-24,male,2020,0,2020,18,14,4,14
Week 39,25-29,female,2020,0,2020,12,9,3,9
Week 39,25-29,male,2020,0,2020,24,19,5,19
Week 39,30-34,female,2020,0,2020,22,15,7,15
Week 39,30-34,male,2020,0,2020,32,26,6,26
Week 39,35-39,female,2020,1,2020,22,25,-3,25
Week 39,35-39,male,2020,0,2020,40,42,-2,42
Week 39,40-44,female,2020,0,2020,40,36,4,36
Week 39,40-44,male,2020,2,2020,84,52,32,52
Week 39,45-49,female,2020,1,2020,63,58,5,58
Week 39,45-49,male,2020,0,2020,88,88,0,88
Week 39,50-54,female,2020,2,2020,86,100,-14,100
Week 39,50-54,male,2020,5,2020,147,134,13,134
Week 39,55-59,female,2020,3,2020,131,132,-1,132
Week 39,55-59,male,2020,4,2020,223,188,35,188
Week 39,60-64,female,2020,3,2020,209,179,30,179
Week 39,60-64,male,2020,8,2020,306,252,54,252
Week 39,65-69,female,2020,5,2020,255,262,-7,262
Week 39,65-69,male,2020,8,2020,364,389,-25,389
Week 39,70-74,female,2020,4,2020,387,408,-21,408
Week 39,70-74,male,2020,16,2020,616,539,77,539
Week 39,75-79,female,2020,15,2020,545,513,32,513
Week 39,75-79,male,2020,12,2020,680,642,38,642
Week 39,80-84,female,2020,11,2020,730,747,-17,747
Week 39,80-84,male,2020,29,2020,820,790,30,790
Week 39,85-89,female,2020,15,2020,905,927,-22,927
Week 39,85-89,male,2020,23,2020,786,775,11,775
Week 39,90+,female,2020,24,2020,1264,1307,-43,1307
Week 39,90+,male,2020,24,2020,653,668,-15,668
Week 4,00-04,female,2020,0,2020,28,29,-1,29
Week 4,00-04,female,2020,0,2021,26,29,-3,29
Week 4,00-04,female,2021,0,2020,28,29,-1,29
Week 4,00-04,female,2021,0,2021,26,29,-3,29
Week 4,00-04,male,2021,0,2021,42,33,9,33
Week 4,00-04,male,2021,0,2020,34,33,1,33
Week 4,00-04,male,2020,0,2021,42,33,9,33
Week 4,00-04,male,2020,0,2020,34,33,1,33
Week 4,05-09,female,2020,0,2021,3,2,1,2
Week 4,05-09,female,2020,0,2020,0,2,-2,2
Week 4,05-09,female,2021,0,2021,3,2,1,2
Week 4,05-09,female,2021,0,2020,0,2,-2,2
Week 4,05-09,male,2020,0,2021,5,3,2,3
Week 4,05-09,male,2020,0,2020,4,3,1,3
Week 4,05-09,male,2021,0,2021,5,3,2,3
Week 4,05-09,male,2021,0,2020,4,3,1,3
Week 4,10-14,female,2021,0,2020,4,2,2,2
Week 4,10-14,female,2021,0,2021,2,2,0,2
Week 4,10-14,female,2020,0,2020,4,2,2,2
Week 4,10-14,female,2020,0,2021,2,2,0,2
Week 4,10-14,male,2021,0,2021,0,3,-3,3
Week 4,10-14,male,2021,0,2020,4,3,1,3
Week 4,10-14,male,2020,0,2021,0,3,-3,3
Week 4,10-14,male,2020,0,2020,4,3,1,3
Week 4,15-19,female,2021,0,2020,1,3,-2,3
Week 4,15-19,female,2021,0,2021,8,3,5,3
Week 4,15-19,female,2020,0,2020,1,3,-2,3
Week 4,15-19,female,2020,0,2021,8,3,5,3
Week 4,15-19,male,2020,0,2021,10,10,0,10
Week 4,15-19,male,2020,0,2020,14,10,4,10
Week 4,15-19,male,2021,0,2021,10,10,0,10
Week 4,15-19,male,2021,0,2020,14,10,4,10
Week 4,20-24,female,2020,0,2020,7,7,0,7
Week 4,20-24,female,2020,0,2021,8,7,1,7
Week 4,20-24,female,2021,0,2020,7,7,0,7
Week 4,20-24,female,2021,0,2021,8,7,1,7
Week 4,20-24,male,2021,1,2020,23,20,3,20
Week 4,20-24,male,2021,1,2021,17,20,-3,20
Week 4,20-24,male,2020,1,2020,23,20,3,20
Week 4,20-24,male,2020,1,2021,17,20,-3,20
Week 4,25-29,female,2021,3,2021,21,11,10,11
Week 4,25-29,female,2021,3,2020,5,11,-6,11
Week 4,25-29,female,2020,3,2021,21,11,10,11
Week 4,25-29,female,2020,3,2020,5,11,-6,11
Week 4,25-29,male,2020,1,2020,31,21,10,21
Week 4,25-29,male,2020,1,2021,30,21,9,21
Week 4,25-29,male,2021,1,2020,31,21,10,21
Week 4,25-29,male,2021,1,2021,30,21,9,21
Week 4,30-34,female,2021,7,2020,16,16,0,16
Week 4,30-34,female,2021,7,2021,22,16,6,16
Week 4,30-34,female,2020,7,2020,16,16,0,16
Week 4,30-34,female,2020,7,2021,22,16,6,16
Week 4,30-34,male,2021,12,2021,36,30,6,30
Week 4,30-34,male,2021,12,2020,22,30,-8,30
Week 4,30-34,male,2020,12,2021,36,30,6,30
Week 4,30-34,male,2020,12,2020,22,30,-8,30
Week 4,35-39,female,2021,10,2021,39,23,16,23
Week 4,35-39,female,2021,10,2020,34,23,11,23
Week 4,35-39,female,2020,10,2021,39,23,16,23
Week 4,35-39,female,2020,10,2020,34,23,11,23
Week 4,35-39,male,2021,21,2021,67,48,19,48
Week 4,35-39,male,2021,21,2020,45,48,-3,48
Week 4,35-39,male,2020,21,2021,67,48,19,48
Week 4,35-39,male,2020,21,2020,45,48,-3,48
Week 4,40-44,female,2020,15,2020,37,35,2,35
Week 4,40-44,female,2020,15,2021,52,35,17,35
Week 4,40-44,female,2021,15,2020,37,35,2,35
Week 4,40-44,female,2021,15,2021,52,35,17,35
Week 4,40-44,male,2021,27,2021,90,65,25,65
Week 4,40-44,male,2021,27,2020,79,65,14,65
Week 4,40-44,male,2020,27,2021,90,65,25,65
Week 4,40-44,male,2020,27,2020,79,65,14,65
Week 4,45-49,female,2021,26,2020,70,70,0,70
Week 4,45-49,female,2021,26,2021,86,70,16,70
Week 4,45-49,female,2020,26,2020,70,70,0,70
Week 4,45-49,female,2020,26,2021,86,70,16,70
Week 4,45-49,male,2020,56,2021,155,107,48,107
Week 4,45-49,male,2020,56,2020,90,107,-17,107
Week 4,45-49,male,2021,56,2021,155,107,48,107
Week 4,45-49,male,2021,56,2020,90,107,-17,107
Week 4,50-54,female,2020,69,2020,99,100,-1,100
Week 4,50-54,female,2020,69,2021,167,100,67,100
Week 4,50-54,female,2021,69,2020,99,100,-1,100
Week 4,50-54,female,2021,69,2021,167,100,67,100
Week 4,50-54,male,2020,102,2021,278,161,117,161
Week 4,50-54,male,2020,102,2020,181,161,20,161
Week 4,50-54,male,2021,102,2021,278,161,117,161
Week 4,50-54,male,2021,102,2020,181,161,20,161
Week 4,55-59,female,2021,94,2021,231,146,85,146
Week 4,55-59,female,2021,94,2020,166,146,20,146
Week 4,55-59,female,2020,94,2021,231,146,85,146
Week 4,55-59,female,2020,94,2020,166,146,20,146
Week 4,55-59,male,2020,167,2020,215,216,-1,216
Week 4,55-59,male,2020,167,2021,363,216,147,216
Week 4,55-59,male,2021,167,2020,215,216,-1,216
Week 4,55-59,male,2021,167,2021,363,216,147,216
Week 4,60-64,female,2021,135,2020,201,210,-9,210
Week 4,60-64,female,2021,135,2021,328,210,118,210
Week 4,60-64,female,2020,135,2020,201,210,-9,210
Week 4,60-64,female,2020,135,2021,328,210,118,210
Week 4,60-64,male,2021,243,2020,334,296,38,296
Week 4,60-64,male,2021,243,2021,535,296,239,296
Week 4,60-64,male,2020,243,2020,334,296,38,296
Week 4,60-64,male,2020,243,2021,535,296,239,296
Week 4,65-69,female,2021,193,2020,309,326,-17,326
Week 4,65-69,female,2021,193,2021,414,326,88,326
Week 4,65-69,female,2020,193,2020,309,326,-17,326
Week 4,65-69,female,2020,193,2021,414,326,88,326
Week 4,65-69,male,2021,296,2020,482,448,34,448
Week 4,65-69,male,2021,296,2021,677,448,229,448
Week 4,65-69,male,2020,296,2020,482,448,34,448
Week 4,65-69,male,2020,296,2021,677,448,229,448
Week 4,70-74,female,2021,327,2020,504,467,37,467
Week 4,70-74,female,2021,327,2021,732,467,265,467
Week 4,70-74,female,2020,327,2020,504,467,37,467
Week 4,70-74,female,2020,327,2021,732,467,265,467
Week 4,70-74,male,2021,493,2021,1111,644,467,644
Week 4,70-74,male,2021,493,2020,663,644,19,644
Week 4,70-74,male,2020,493,2021,1111,644,467,644
Week 4,70-74,male,2020,493,2020,663,644,19,644
Week 4,75-79,female,2020,419,2021,982,629,353,629
Week 4,75-79,female,2020,419,2020,655,629,26,629
Week 4,75-79,female,2021,419,2021,982,629,353,629
Week 4,75-79,female,2021,419,2020,655,629,26,629
Week 4,75-79,male,2021,612,2020,819,800,19,800
Week 4,75-79,male,2021,612,2021,1231,800,431,800
Week 4,75-79,male,2020,612,2020,819,800,19,800
Week 4,75-79,male,2020,612,2021,1231,800,431,800
Week 4,80-84,female,2021,688,2021,1502,984,518,984
Week 4,80-84,female,2021,688,2020,912,984,-72,984
Week 4,80-84,female,2020,688,2021,1502,984,518,984
Week 4,80-84,female,2020,688,2020,912,984,-72,984
Week 4,80-84,male,2021,780,2020,951,1004,-53,1004
Week 4,80-84,male,2021,780,2021,1555,1004,551,1004
Week 4,80-84,male,2020,780,2020,951,1004,-53,1004
Week 4,80-84,male,2020,780,2021,1555,1004,551,1004
Week 4,85-89,female,2021,847,2020,1174,1310,-136,1310
Week 4,85-89,female,2021,847,2021,1795,1310,485,1310
Week 4,85-89,female,2020,847,2020,1174,1310,-136,1310
Week 4,85-89,female,2020,847,2021,1795,1310,485,1310
Week 4,85-89,male,2020,784,2020,1014,1036,-22,1036
Week 4,85-89,male,2020,784,2021,1562,1036,526,1036
Week 4,85-89,male,2021,784,2020,1014,1036,-22,1036
Week 4,85-89,male,2021,784,2021,1562,1036,526,1036
Week 4,90+,female,2020,1245,2020,1716,1937,-221,1937
Week 4,90+,female,2020,1245,2021,2703,1937,766,1937
Week 4,90+,female,2021,1245,2020,1716,1937,-221,1937
Week 4,90+,female,2021,1245,2021,2703,1937,766,1937
Week 4,90+,male,2021,760,2021,1563,935,628,935
Week 4,90+,male,2021,760,2020,910,935,-25,935
Week 4,90+,male,2020,760,2021,1563,935,628,935
Week 4,90+,male,2020,760,2020,910,935,-25,935
Week 40,00-04,female,2020,0,2020,20,27,-7,27
Week 40,00-04,male,2020,0,2020,30,31,-1,31
Week 40,05-09,female,2020,0,2020,0,3,-3,3
Week 40,05-09,male,2020,0,2020,3,3,0,3
Week 40,10-14,female,2020,0,2020,4,2,2,2
Week 40,10-14,male,2020,0,2020,6,2,4,2
Week 40,15-19,female,2020,0,2020,3,6,-3,6
Week 40,15-19,male,2020,0,2020,9,12,-3,12
Week 40,20-24,female,2020,0,2020,7,6,1,6
Week 40,20-24,male,2020,0,2020,14,18,-4,18
Week 40,25-29,female,2020,0,2020,12,8,4,8
Week 40,25-29,male,2020,0,2020,19,24,-5,24
Week 40,30-34,female,2020,0,2020,18,16,2,16
Week 40,30-34,male,2020,0,2020,30,31,-1,31
Week 40,35-39,female,2020,0,2020,29,20,9,20
Week 40,35-39,male,2020,1,2020,42,35,7,35
Week 40,40-44,female,2020,0,2020,35,40,-5,40
Week 40,40-44,male,2020,2,2020,61,58,3,58
Week 40,45-49,female,2020,2,2020,76,59,17,59
Week 40,45-49,male,2020,2,2020,111,88,23,88
Week 40,50-54,female,2020,1,2020,100,86,14,86
Week 40,50-54,male,2020,1,2020,138,142,-4,142
Week 40,55-59,female,2020,5,2020,140,132,8,132
Week 40,55-59,male,2020,5,2020,209,187,22,187
Week 40,60-64,female,2020,7,2020,203,172,31,172
Week 40,60-64,male,2020,4,2020,280,245,35,245
Week 40,65-69,female,2020,10,2020,249,279,-30,279
Week 40,65-69,male,2020,12,2020,409,399,10,399
Week 40,70-74,female,2020,14,2020,432,400,32,400
Week 40,70-74,male,2020,25,2020,615,557,58,557
Week 40,75-79,female,2020,15,2020,552,506,46,506
Week 40,75-79,male,2020,33,2020,739,672,67,672
Week 40,80-84,female,2020,30,2020,775,741,34,741
Week 40,80-84,male,2020,32,2020,856,789,67,789
Week 40,85-89,female,2020,22,2020,897,933,-36,933
Week 40,85-89,male,2020,35,2020,790,779,11,779
Week 40,90+,female,2020,30,2020,1312,1316,-4,1316
Week 40,90+,male,2020,33,2020,720,681,39,681
Week 41,00-04,female,2020,0,2020,19,29,-10,29
Week 41,00-04,male,2020,0,2020,32,31,1,31
Week 41,05-09,female,2020,0,2020,0,1,-1,1
Week 41,05-09,male,2020,0,2020,5,2,3,2
Week 41,10-14,female,2020,0,2020,3,3,0,3
Week 41,10-14,male,2020,0,2020,3,4,-1,4
Week 41,15-19,female,2020,0,2020,5,5,0,5
Week 41,15-19,male,2020,0,2020,7,10,-3,10
Week 41,20-24,female,2020,0,2020,7,6,1,6
Week 41,20-24,male,2020,0,2020,24,19,5,19
Week 41,25-29,female,2020,0,2020,7,10,-3,10
Week 41,25-29,male,2020,1,2020,24,19,5,19
Week 41,30-34,female,2020,0,2020,21,13,8,13
Week 41,30-34,male,2020,2,2020,32,25,7,25
Week 41,35-39,female,2020,0,2020,23,21,2,21
Week 41,35-39,male,2020,0,2020,46,41,5,41
Week 41,40-44,female,2020,1,2020,35,37,-2,37
Week 41,40-44,male,2020,1,2020,61,55,6,55
Week 41,45-49,female,2020,2,2020,61,58,3,58
Week 41,45-49,male,2020,3,2020,94,92,2,92
Week 41,50-54,female,2020,3,2020,99,92,7,92
Week 41,50-54,male,2020,4,2020,162,142,20,142
Week 41,55-59,female,2020,3,2020,141,135,6,135
Week 41,55-59,male,2020,8,2020,210,197,13,197
Week 41,60-64,female,2020,3,2020,199,174,25,174
Week 41,60-64,male,2020,15,2020,265,261,4,261
Week 41,65-69,female,2020,11,2020,245,276,-31,276
Week 41,65-69,male,2020,23,2020,378,390,-12,390
Week 41,70-74,female,2020,15,2020,468,398,70,398
Week 41,70-74,male,2020,33,2020,573,565,8,565
Week 41,75-79,female,2020,23,2020,524,532,-8,532
Week 41,75-79,male,2020,47,2020,720,665,55,665
Week 41,80-84,female,2020,38,2020,710,787,-77,787
Week 41,80-84,male,2020,55,2020,880,816,64,816
Week 41,85-89,female,2020,37,2020,935,982,-47,982
Week 41,85-89,male,2020,43,2020,847,814,33,814
Week 41,90+,female,2020,45,2020,1347,1385,-38,1385
Week 41,90+,male,2020,22,2020,742,699,43,699
Week 42,00-04,female,2020,0,2020,22,23,-1,23
Week 42,00-04,male,2020,0,2020,25,32,-7,32
Week 42,05-09,female,2020,0,2020,1,3,-2,3
Week 42,05-09,male,2020,0,2020,3,2,1,2
Week 42,10-14,female,2020,0,2020,0,2,-2,2
Week 42,10-14,male,2020,0,2020,3,4,-1,4
Week 42,15-19,female,2020,0,2020,7,4,3,4
Week 42,15-19,male,2020,0,2020,8,10,-2,10
Week 42,20-24,female,2020,0,2020,3,8,-5,8
Week 42,20-24,male,2020,1,2020,14,17,-3,17
Week 42,25-29,female,2020,0,2020,10,9,1,9
Week 42,25-29,male,2020,0,2020,18,22,-4,22
Week 42,30-34,female,2020,1,2020,23,15,8,15
Week 42,30-34,male,2020,1,2020,44,23,21,23
Week 42,35-39,female,2020,1,2020,26,23,3,23
Week 42,35-39,male,2020,0,2020,47,39,8,39
Week 42,40-44,female,2020,3,2020,36,39,-3,39
Week 42,40-44,male,2020,2,2020,60,57,3,57
Week 42,45-49,female,2020,0,2020,56,54,2,54
Week 42,45-49,male,2020,3,2020,109,93,16,93
Week 42,50-54,female,2020,3,2020,124,94,30,94
Week 42,50-54,male,2020,6,2020,143,137,6,137
Week 42,55-59,female,2020,3,2020,137,127,10,127
Week 42,55-59,male,2020,9,2020,227,180,47,180
Week 42,60-64,female,2020,10,2020,225,186,39,186
Week 42,60-64,male,2020,14,2020,310,265,45,265
Week 42,65-69,female,2020,14,2020,261,267,-6,267
Week 42,65-69,male,2020,25,2020,364,397,-33,397
Week 42,70-74,female,2020,24,2020,487,409,78,409
Week 42,70-74,male,2020,50,2020,610,543,67,543
Week 42,75-79,female,2020,41,2020,625,529,96,529
Week 42,75-79,male,2020,67,2020,783,666,117,666
Week 42,80-84,female,2020,57,2020,788,763,25,763
Week 42,80-84,male,2020,82,2020,826,844,-18,844
Week 42,85-89,female,2020,52,2020,983,989,-6,989
Week 42,85-89,male,2020,69,2020,913,814,99,814
Week 42,90+,female,2020,73,2020,1452,1411,41,1411
Week 42,90+,male,2020,59,2020,761,716,45,716
Week 43,00-04,female,2020,0,2020,12,27,-15,27
Week 43,00-04,male,2020,0,2020,24,34,-10,34
Week 43,05-09,female,2020,0,2020,2,3,-1,3
Week 43,05-09,male,2020,0,2020,5,3,2,3
Week 43,10-14,female,2020,0,2020,4,2,2,2
Week 43,10-14,male,2020,0,2020,1,3,-2,3
Week 43,15-19,female,2020,0,2020,8,3,5,3
Week 43,15-19,male,2020,0,2020,6,9,-3,9
Week 43,20-24,female,2020,0,2020,7,6,1,6
Week 43,20-24,male,2020,0,2020,15,15,0,15
Week 43,25-29,female,2020,0,2020,12,9,3,9
Week 43,25-29,male,2020,0,2020,21,21,0,21
Week 43,30-34,female,2020,1,2020,15,14,1,14
Week 43,30-34,male,2020,2,2020,36,25,11,25
Week 43,35-39,female,2020,1,2020,30,23,7,23
Week 43,35-39,male,2020,2,2020,56,37,19,37
Week 43,40-44,female,2020,1,2020,51,32,19,32
Week 43,40-44,male,2020,2,2020,70,55,15,55
Week 43,45-49,female,2020,3,2020,64,62,2,62
Week 43,45-49,male,2020,7,2020,110,88,22,88
Week 43,50-54,female,2020,4,2020,108,99,9,99
Week 43,50-54,male,2020,6,2020,152,141,11,141
Week 43,55-59,female,2020,9,2020,150,131,19,131
Week 43,55-59,male,2020,17,2020,251,194,57,194
Week 43,60-64,female,2020,13,2020,196,183,13,183
Week 43,60-64,male,2020,28,2020,299,266,33,266
Week 43,65-69,female,2020,21,2020,310,280,30,280
Week 43,65-69,male,2020,41,2020,370,398,-28,398
Week 43,70-74,female,2020,38,2020,480,403,77,403
Week 43,70-74,male,2020,72,2020,676,553,123,553
Week 43,75-79,female,2020,58,2020,624,533,91,533
Week 43,75-79,male,2020,99,2020,752,655,97,655
Week 43,80-84,female,2020,77,2020,842,793,49,793
Week 43,80-84,male,2020,110,2020,904,808,96,808
Week 43,85-89,female,2020,78,2020,993,998,-5,998
Week 43,85-89,male,2020,110,2020,885,822,63,822
Week 43,90+,female,2020,107,2020,1421,1339,82,1339
Week 43,90+,male,2020,71,2020,777,715,62,715
Week 44,00-04,female,2020,0,2020,17,27,-10,27
Week 44,00-04,male,2020,0,2020,20,32,-12,32
Week 44,05-09,female,2020,0,2020,0,2,-2,2
Week 44,05-09,male,2020,0,2020,2,3,-1,3
Week 44,10-14,female,2020,0,2020,2,2,0,2
Week 44,10-14,male,2020,0,2020,3,4,-1,4
Week 44,15-19,female,2020,0,2020,5,3,2,3
Week 44,15-19,male,2020,0,2020,10,10,0,10
Week 44,20-24,female,2020,0,2020,3,7,-4,7
Week 44,20-24,male,2020,0,2020,20,13,7,13
Week 44,25-29,female,2020,0,2020,9,6,3,6
Week 44,25-29,male,2020,1,2020,30,21,9,21
Week 44,30-34,female,2020,1,2020,19,17,2,17
Week 44,30-34,male,2020,0,2020,29,27,2,27
Week 44,35-39,female,2020,3,2020,36,27,9,27
Week 44,35-39,male,2020,1,2020,60,37,23,37
Week 44,40-44,female,2020,3,2020,35,33,2,33
Week 44,40-44,male,2020,3,2020,67,57,10,57
Week 44,45-49,female,2020,2,2020,62,61,1,61
Week 44,45-49,male,2020,7,2020,98,90,8,90
Week 44,50-54,female,2020,7,2020,93,97,-4,97
Week 44,50-54,male,2020,14,2020,178,142,36,142
Week 44,55-59,female,2020,11,2020,161,146,15,146
Week 44,55-59,male,2020,20,2020,250,188,62,188
Week 44,60-64,female,2020,12,2020,212,182,30,182
Week 44,60-64,male,2020,34,2020,301,270,31,270
Week 44,65-69,female,2020,34,2020,295,281,14,281
Week 44,65-69,male,2020,65,2020,414,412,2,412
Week 44,70-74,female,2020,41,2020,455,402,53,402
Week 44,70-74,male,2020,97,2020,681,578,103,578
Week 44,75-79,female,2020,80,2020,637,537,100,537
Week 44,75-79,male,2020,144,2020,767,681,86,681
Week 44,80-84,female,2020,118,2020,865,780,85,780
Week 44,80-84,male,2020,141,2020,893,844,49,844
Week 44,85-89,female,2020,129,2020,1009,1035,-26,1035
Week 44,85-89,male,2020,152,2020,927,827,100,827
Week 44,90+,female,2020,149,2020,1409,1444,-35,1444
Week 44,90+,male,2020,110,2020,813,724,89,724
Week 45,00-04,female,2020,0,2020,18,27,-9,27
Week 45,00-04,male,2020,0,2020,31,30,1,30
Week 45,05-09,female,2020,0,2020,2,3,-1,3
Week 45,05-09,male,2020,0,2020,0,3,-3,3
Week 45,10-14,female,2020,0,2020,2,3,-1,3
Week 45,10-14,male,2020,0,2020,2,2,0,2
Week 45,15-19,female,2020,0,2020,5,6,-1,6
Week 45,15-19,male,2020,0,2020,7,10,-3,10
Week 45,20-24,female,2020,0,2020,5,5,0,5
Week 45,20-24,male,2020,1,2020,15,14,1,14
Week 45,25-29,female,2020,1,2020,13,8,5,8
Week 45,25-29,male,2020,2,2020,22,17,5,17
Week 45,30-34,female,2020,0,2020,18,15,3,15
Week 45,30-34,male,2020,0,2020,29,26,3,26
Week 45,35-39,female,2020,0,2020,29,24,5,24
Week 45,35-39,male,2020,1,2020,56,38,18,38
Week 45,40-44,female,2020,2,2020,50,33,17,33
Week 45,40-44,male,2020,3,2020,77,54,23,54
Week 45,45-49,female,2020,8,2020,67,63,4,63
Week 45,45-49,male,2020,10,2020,88,87,1,87
Week 45,50-54,female,2020,18,2020,105,102,3,102
Week 45,50-54,male,2020,13,2020,162,135,27,135
Week 45,55-59,female,2020,19,2020,162,141,21,141
Week 45,55-59,male,2020,28,2020,240,194,46,194
Week 45,60-64,female,2020,24,2020,207,190,17,190
Week 45,60-64,male,2020,57,2020,353,277,76,277
Week 45,65-69,female,2020,34,2020,302,272,30,272
Week 45,65-69,male,2020,73,2020,439,420,19,420
Week 45,70-74,female,2020,77,2020,513,413,100,413
Week 45,70-74,male,2020,117,2020,717,582,135,582
Week 45,75-79,female,2020,115,2020,674,550,124,550
Week 45,75-79,male,2020,170,2020,845,680,165,680
Week 45,80-84,female,2020,166,2020,913,810,103,810
Week 45,80-84,male,2020,255,2020,1070,853,217,853
Week 45,85-89,female,2020,160,2020,1082,1018,64,1018
Week 45,85-89,male,2020,198,2020,979,847,132,847
Week 45,90+,female,2020,225,2020,1624,1460,164,1460
Week 45,90+,male,2020,160,2020,889,750,139,750
Week 46,00-04,female,2020,0,2020,30,26,4,26
Week 46,00-04,male,2020,0,2020,23,32,-9,32
Week 46,05-09,female,2020,0,2020,1,4,-3,4
Week 46,05-09,male,2020,0,2020,6,3,3,3
Week 46,10-14,female,2020,0,2020,1,3,-2,3
Week 46,10-14,male,2020,0,2020,2,4,-2,4
Week 46,15-19,female,2020,0,2020,3,6,-3,6
Week 46,15-19,male,2020,0,2020,4,7,-3,7
Week 46,20-24,female,2020,2,2020,8,6,2,6
Week 46,20-24,male,2020,0,2020,16,17,-1,17
Week 46,25-29,female,2020,1,2020,10,8,2,8
Week 46,25-29,male,2020,0,2020,31,23,8,23
Week 46,30-34,female,2020,2,2020,19,14,5,14
Week 46,30-34,male,2020,1,2020,45,29,16,29
Week 46,35-39,female,2020,2,2020,33,24,9,24
Week 46,35-39,male,2020,1,2020,43,36,7,36
Week 46,40-44,female,2020,6,2020,47,30,17,30
Week 46,40-44,male,2020,6,2020,60,54,6,54
Week 46,45-49,female,2020,8,2020,63,65,-2,65
Week 46,45-49,male,2020,8,2020,110,95,15,95
Week 46,50-54,female,2020,12,2020,129,102,27,102
Week 46,50-54,male,2020,21,2020,173,139,34,139
Week 46,55-59,female,2020,22,2020,155,141,14,141
Week 46,55-59,male,2020,39,2020,277,201,76,201
Week 46,60-64,female,2020,40,2020,243,191,52,191
Week 46,60-64,male,2020,63,2020,340,271,69,271
Week 46,65-69,female,2020,54,2020,301,276,25,276
Week 46,65-69,male,2020,95,2020,438,402,36,402
Week 46,70-74,female,2020,91,2020,480,403,77,403
Week 46,70-74,male,2020,175,2020,797,569,228,569
Week 46,75-79,female,2020,125,2020,653,551,102,551
Week 46,75-79,male,2020,218,2020,917,699,218,699
Week 46,80-84,female,2020,194,2020,948,788,160,788
Week 46,80-84,male,2020,279,2020,1134,854,280,854
Week 46,85-89,female,2020,271,2020,1183,1038,145,1038
Week 46,85-89,male,2020,255,2020,1041,855,186,855
Week 46,90+,female,2020,283,2020,1608,1461,147,1461
Week 46,90+,male,2020,192,2020,882,757,125,757
Week 47,00-04,female,2020,0,2020,25,22,3,22
Week 47,00-04,male,2020,0,2020,40,35,5,35
Week 47,05-09,female,2020,0,2020,1,2,-1,2
Week 47,05-09,male,2020,0,2020,5,2,3,2
Week 47,10-14,female,2020,0,2020,1,1,0,1
Week 47,10-14,male,2020,0,2020,3,4,-1,4
Week 47,15-19,female,2020,0,2020,5,6,-1,6
Week 47,15-19,male,2020,0,2020,12,11,1,11
Week 47,20-24,female,2020,0,2020,3,5,-2,5
Week 47,20-24,male,2020,1,2020,14,16,-2,16
Week 47,25-29,female,2020,1,2020,15,10,5,10
Week 47,25-29,male,2020,0,2020,24,18,6,18
Week 47,30-34,female,2020,1,2020,16,14,2,14
Week 47,30-34,male,2020,2,2020,34,28,6,28
Week 47,35-39,female,2020,3,2020,31,26,5,26
Week 47,35-39,male,2020,4,2020,52,36,16,36
Week 47,40-44,female,2020,5,2020,57,36,21,36
Week 47,40-44,male,2020,3,2020,61,56,5,56
Week 47,45-49,female,2020,7,2020,69,67,2,67
Week 47,45-49,male,2020,13,2020,110,94,16,94
Week 47,50-54,female,2020,10,2020,118,101,17,101
Week 47,50-54,male,2020,24,2020,203,135,68,135
Week 47,55-59,female,2020,23,2020,158,130,28,130
Week 47,55-59,male,2020,35,2020,254,204,50,204
Week 47,60-64,female,2020,29,2020,216,193,23,193
Week 47,60-64,male,2020,68,2020,372,273,99,273
Week 47,65-69,female,2020,43,2020,290,293,-3,293
Week 47,65-69,male,2020,120,2020,498,407,91,407
Week 47,70-74,female,2020,98,2020,497,442,55,442
Week 47,70-74,male,2020,175,2020,738,576,162,576
Week 47,75-79,female,2020,152,2020,722,554,168,554
Week 47,75-79,male,2020,263,2020,956,699,257,699
Week 47,80-84,female,2020,221,2020,967,810,157,810
Week 47,80-84,male,2020,318,2020,1140,865,275,865
Week 47,85-89,female,2020,240,2020,1139,1001,138,1001
Week 47,85-89,male,2020,284,2020,1044,870,174,870
Week 47,90+,female,2020,319,2020,1680,1466,214,1466
Week 47,90+,male,2020,235,2020,965,737,228,737
Week 48,00-04,female,2020,0,2020,23,25,-2,25
Week 48,00-04,male,2020,0,2020,28,34,-6,34
Week 48,05-09,female,2020,0,2020,2,3,-1,3
Week 48,05-09,male,2020,0,2020,3,1,2,1
Week 48,10-14,female,2020,0,2020,1,2,-1,2
Week 48,10-14,male,2020,1,2020,4,3,1,3
Week 48,15-19,female,2020,0,2020,5,3,2,3
Week 48,15-19,male,2020,1,2020,13,8,5,8
Week 48,20-24,female,2020,1,2020,6,7,-1,7
Week 48,20-24,male,2020,1,2020,27,18,9,18
Week 48,25-29,female,2020,1,2020,11,10,1,10
Week 48,25-29,male,2020,0,2020,30,22,8,22
Week 48,30-34,female,2020,3,2020,19,15,4,15
Week 48,30-34,male,2020,3,2020,39,23,16,23
Week 48,35-39,female,2020,3,2020,35,26,9,26
Week 48,35-39,male,2020,3,2020,64,40,24,40
Week 48,40-44,female,2020,4,2020,47,39,8,39
Week 48,40-44,male,2020,3,2020,54,53,1,53
Week 48,45-49,female,2020,6,2020,71,67,4,67
Week 48,45-49,male,2020,16,2020,136,92,44,92
Week 48,50-54,female,2020,15,2020,137,98,39,98
Week 48,50-54,male,2020,23,2020,191,162,29,162
Week 48,55-59,female,2020,29,2020,167,134,33,134
Week 48,55-59,male,2020,47,2020,249,198,51,198
Week 48,60-64,female,2020,36,2020,228,188,40,188
Week 48,60-64,male,2020,67,2020,374,272,102,272
Week 48,65-69,female,2020,45,2020,289,290,-1,290
Week 48,65-69,male,2020,113,2020,468,409,59,409
Week 48,70-74,female,2020,107,2020,480,415,65,415
Week 48,70-74,male,2020,199,2020,762,559,203,559
Week 48,75-79,female,2020,166,2020,662,578,84,578
Week 48,75-79,male,2020,283,2020,900,688,212,688
Week 48,80-84,female,2020,242,2020,933,819,114,819
Week 48,80-84,male,2020,327,2020,1066,904,162,904
Week 48,85-89,female,2020,287,2020,1188,1059,129,1059
Week 48,85-89,male,2020,352,2020,1101,872,229,872
Week 48,90+,female,2020,394,2020,1702,1521,181,1521
Week 48,90+,male,2020,262,2020,941,758,183,758
Week 49,00-04,female,2020,0,2020,21,24,-3,24
Week 49,00-04,male,2020,0,2020,33,30,3,30
Week 49,05-09,female,2020,0,2020,1,2,-1,2
Week 49,05-09,male,2020,0,2020,2,4,-2,4
Week 49,10-14,female,2020,0,2020,4,2,2,2
Week 49,10-14,male,2020,0,2020,4,4,0,4
Week 49,15-19,female,2020,0,2020,6,4,2,4
Week 49,15-19,male,2020,0,2020,9,8,1,8
Week 49,20-24,female,2020,1,2020,13,6,7,6
Week 49,20-24,male,2020,0,2020,14,15,-1,15
Week 49,25-29,female,2020,1,2020,11,9,2,9
Week 49,25-29,male,2020,2,2020,31,22,9,22
Week 49,30-34,female,2020,1,2020,20,16,4,16
Week 49,30-34,male,2020,2,2020,30,31,-1,31
Week 49,35-39,female,2020,2,2020,28,23,5,23
Week 49,35-39,male,2020,7,2020,60,38,22,38
Week 49,40-44,female,2020,7,2020,42,37,5,37
Week 49,40-44,male,2020,5,2020,75,53,22,53
Week 49,45-49,female,2020,6,2020,83,66,17,66
Week 49,45-49,male,2020,15,2020,117,92,25,92
Week 49,50-54,female,2020,15,2020,115,101,14,101
Week 49,50-54,male,2020,26,2020,178,155,23,155
Week 49,55-59,female,2020,24,2020,177,145,32,145
Week 49,55-59,male,2020,38,2020,291,201,90,201
Week 49,60-64,female,2020,35,2020,216,197,19,197
Week 49,60-64,male,2020,70,2020,352,282,70,282
Week 49,65-69,female,2020,71,2020,327,290,37,290
Week 49,65-69,male,2020,99,2020,465,421,44,421
Week 49,70-74,female,2020,99,2020,521,451,70,451
Week 49,70-74,male,2020,189,2020,715,584,131,584
Week 49,75-79,female,2020,180,2020,661,614,47,614
Week 49,75-79,male,2020,234,2020,867,734,133,734
Week 49,80-84,female,2020,217,2020,913,844,69,844
Week 49,80-84,male,2020,292,2020,1062,909,153,909
Week 49,85-89,female,2020,274,2020,1164,1090,74,1090
Week 49,85-89,male,2020,324,2020,1073,905,168,905
Week 49,90+,female,2020,346,2020,1667,1601,66,1601
Week 49,90+,male,2020,253,2020,935,789,146,789
Week 5,00-04,female,2020,0,2021,12,26,-14,26
Week 5,00-04,female,2020,0,2020,30,26,4,26
Week 5,00-04,female,2021,0,2021,12,26,-14,26
Week 5,00-04,female,2021,0,2020,30,26,4,26
Week 5,00-04,male,2021,0,2020,26,37,-11,37
Week 5,00-04,male,2021,0,2021,31,37,-6,37
Week 5,00-04,male,2020,0,2020,26,37,-11,37
Week 5,00-04,male,2020,0,2021,31,37,-6,37
Week 5,05-09,female,2021,0,2021,5,3,2,3
Week 5,05-09,female,2021,0,2020,1,3,-2,3
Week 5,05-09,female,2020,0,2021,5,3,2,3
Week 5,05-09,female,2020,0,2020,1,3,-2,3
Week 5,05-09,male,2020,0,2020,4,3,1,3
Week 5,05-09,male,2020,0,2021,2,3,-1,3
Week 5,05-09,male,2021,0,2020,4,3,1,3
Week 5,05-09,male,2021,0,2021,2,3,-1,3
Week 5,10-14,female,2020,0,2020,1,2,-1,2
Week 5,10-14,female,2020,0,2021,4,2,2,2
Week 5,10-14,female,2021,0,2020,1,2,-1,2
Week 5,10-14,female,2021,0,2021,4,2,2,2
Week 5,10-14,male,2021,0,2020,3,4,-1,4
Week 5,10-14,male,2021,0,2021,3,4,-1,4
Week 5,10-14,male,2020,0,2020,3,4,-1,4
Week 5,10-14,male,2020,0,2021,3,4,-1,4
Week 5,15-19,female,2021,0,2020,6,6,0,6
Week 5,15-19,female,2021,0,2021,4,6,-2,6
Week 5,15-19,female,2020,0,2020,6,6,0,6
Week 5,15-19,female,2020,0,2021,4,6,-2,6
Week 5,15-19,male,2020,3,2021,11,9,2,9
Week 5,15-19,male,2020,3,2020,17,9,8,9
Week 5,15-19,male,2021,3,2021,11,9,2,9
Week 5,15-19,male,2021,3,2020,17,9,8,9
Week 5,20-24,female,2021,2,2020,7,7,0,7
Week 5,20-24,female,2021,2,2021,11,7,4,7
Week 5,20-24,female,2020,2,2020,7,7,0,7
Week 5,20-24,female,2020,2,2021,11,7,4,7
Week 5,20-24,male,2020,1,2020,16,17,-1,17
Week 5,20-24,male,2020,1,2021,17,17,0,17
Week 5,20-24,male,2021,1,2020,16,17,-1,17
Week 5,20-24,male,2021,1,2021,17,17,0,17
Week 5,25-29,female,2020,2,2021,12,10,2,10
Week 5,25-29,female,2020,2,2020,9,10,-1,10
Week 5,25-29,female,2021,2,2021,12,10,2,10
Week 5,25-29,female,2021,2,2020,9,10,-1,10
Week 5,25-29,male,2021,6,2021,32,22,10,22
Week 5,25-29,male,2021,6,2020,19,22,-3,22
Week 5,25-29,male,2020,6,2021,32,22,10,22
Week 5,25-29,male,2020,6,2020,19,22,-3,22
Week 5,30-34,female,2021,8,2020,18,16,2,16
Week 5,30-34,female,2021,8,2021,21,16,5,16
Week 5,30-34,female,2020,8,2020,18,16,2,16
Week 5,30-34,female,2020,8,2021,21,16,5,16
Week 5,30-34,male,2020,8,2021,43,32,11,32
Week 5,30-34,male,2020,8,2020,40,32,8,32
Week 5,30-34,male,2021,8,2021,43,32,11,32
Week 5,30-34,male,2021,8,2020,40,32,8,32
Week 5,35-39,female,2021,11,2021,46,27,19,27
Week 5,35-39,female,2021,11,2020,31,27,4,27
Week 5,35-39,female,2020,11,2021,46,27,19,27
Week 5,35-39,female,2020,11,2020,31,27,4,27
Week 5,35-39,male,2020,13,2020,45,43,2,43
Week 5,35-39,male,2020,13,2021,42,43,-1,43
Week 5,35-39,male,2021,13,2020,45,43,2,43
Week 5,35-39,male,2021,13,2021,42,43,-1,43
Week 5,40-44,female,2020,17,2021,51,36,15,36
Week 5,40-44,female,2020,17,2020,42,36,6,36
Week 5,40-44,female,2021,17,2021,51,36,15,36
Week 5,40-44,female,2021,17,2020,42,36,6,36
Week 5,40-44,male,2020,26,2021,86,71,15,71
Week 5,40-44,male,2020,26,2020,58,71,-13,71
Week 5,40-44,male,2021,26,2021,86,71,15,71
Week 5,40-44,male,2021,26,2020,58,71,-13,71
Week 5,45-49,female,2021,35,2021,87,69,18,69
Week 5,45-49,female,2021,35,2020,56,69,-13,69
Week 5,45-49,female,2020,35,2021,87,69,18,69
Week 5,45-49,female,2020,35,2020,56,69,-13,69
Week 5,45-49,male,2021,57,2021,156,109,47,109
Week 5,45-49,male,2021,57,2020,107,109,-2,109
Week 5,45-49,male,2020,57,2021,156,109,47,109
Week 5,45-49,male,2020,57,2020,107,109,-2,109
Week 5,50-54,female,2021,62,2021,153,107,46,107
Week 5,50-54,female,2021,62,2020,98,107,-9,107
Week 5,50-54,female,2020,62,2021,153,107,46,107
Week 5,50-54,female,2020,62,2020,98,107,-9,107
Week 5,50-54,male,2021,88,2020,180,164,16,164
Week 5,50-54,male,2021,88,2021,224,164,60,164
Week 5,50-54,male,2020,88,2020,180,164,16,164
Week 5,50-54,male,2020,88,2021,224,164,60,164
Week 5,55-59,female,2020,60,2020,135,153,-18,153
Week 5,55-59,female,2020,60,2021,198,153,45,153
Week 5,55-59,female,2021,60,2020,135,153,-18,153
Week 5,55-59,female,2021,60,2021,198,153,45,153
Week 5,55-59,male,2021,153,2021,347,221,126,221
Week 5,55-59,male,2021,153,2020,247,221,26,221
Week 5,55-59,male,2020,153,2021,347,221,126,221
Week 5,55-59,male,2020,153,2020,247,221,26,221
Week 5,60-64,female,2020,135,2020,201,223,-22,223
Week 5,60-64,female,2020,135,2021,339,223,116,223
Week 5,60-64,female,2021,135,2020,201,223,-22,223
Week 5,60-64,female,2021,135,2021,339,223,116,223
Week 5,60-64,male,2021,217,2021,511,314,197,314
Week 5,60-64,male,2021,217,2020,324,314,10,314
Week 5,60-64,male,2020,217,2021,511,314,197,314
Week 5,60-64,male,2020,217,2020,324,314,10,314
Week 5,65-69,female,2021,158,2020,295,316,-21,316
Week 5,65-69,female,2021,158,2021,397,316,81,316
Week 5,65-69,female,2020,158,2020,295,316,-21,316
Week 5,65-69,female,2020,158,2021,397,316,81,316
Week 5,65-69,male,2021,292,2020,437,463,-26,463
Week 5,65-69,male,2021,292,2021,657,463,194,463
Week 5,65-69,male,2020,292,2020,437,463,-26,463
Week 5,65-69,male,2020,292,2021,657,463,194,463
Week 5,70-74,female,2020,268,2020,513,467,46,467
Week 5,70-74,female,2020,268,2021,690,467,223,467
Week 5,70-74,female,2021,268,2020,513,467,46,467
Week 5,70-74,female,2021,268,2021,690,467,223,467
Week 5,70-74,male,2021,417,2020,683,624,59,624
Week 5,70-74,male,2021,417,2021,946,624,322,624
Week 5,70-74,male,2020,417,2020,683,624,59,624
Week 5,70-74,male,2020,417,2021,946,624,322,624
Week 5,75-79,female,2021,397,2020,618,641,-23,641
Week 5,75-79,female,2021,397,2021,954,641,313,641
Week 5,75-79,female,2020,397,2020,618,641,-23,641
Week 5,75-79,female,2020,397,2021,954,641,313,641
Week 5,75-79,male,2020,526,2020,827,788,39,788
Week 5,75-79,male,2020,526,2021,1245,788,457,788
Week 5,75-79,male,2021,526,2020,827,788,39,788
Week 5,75-79,male,2021,526,2021,1245,788,457,788
Week 5,80-84,female,2020,550,2020,892,963,-71,963
Week 5,80-84,female,2020,550,2021,1279,963,316,963
Week 5,80-84,female,2021,550,2020,892,963,-71,963
Week 5,80-84,female,2021,550,2021,1279,963,316,963
Week 5,80-84,male,2021,647,2020,919,990,-71,990
Week 5,80-84,male,2021,647,2021,1429,990,439,990
Week 5,80-84,male,2020,647,2020,919,990,-71,990
Week 5,80-84,male,2020,647,2021,1429,990,439,990
Week 5,85-89,female,2021,769,2021,1698,1278,420,1278
Week 5,85-89,female,2021,769,2020,1154,1278,-124,1278
Week 5,85-89,female,2020,769,2021,1698,1278,420,1278
Week 5,85-89,female,2020,769,2020,1154,1278,-124,1278
Week 5,85-89,male,2021,685,2020,970,1007,-37,1007
Week 5,85-89,male,2021,685,2021,1507,1007,500,1007
Week 5,85-89,male,2020,685,2020,970,1007,-37,1007
Week 5,85-89,male,2020,685,2021,1507,1007,500,1007
Week 5,90+,female,2021,1070,2020,1711,1922,-211,1922
Week 5,90+,female,2021,1070,2021,2584,1922,662,1922
Week 5,90+,female,2020,1070,2020,1711,1922,-211,1922
Week 5,90+,female,2020,1070,2021,2584,1922,662,1922
Week 5,90+,male,2020,637,2021,1358,907,451,907
Week 5,90+,male,2020,637,2020,872,907,-35,907
Week 5,90+,male,2021,637,2021,1358,907,451,907
Week 5,90+,male,2021,637,2020,872,907,-35,907
Week 50,00-04,female,2020,0,2020,25,23,2,23
Week 50,00-04,male,2020,0,2020,23,27,-4,27
Week 50,05-09,female,2020,0,2020,3,3,0,3
Week 50,05-09,male,2020,0,2020,8,4,4,4
Week 50,10-14,female,2020,0,2020,4,3,1,3
Week 50,10-14,male,2020,1,2020,2,4,-2,4
Week 50,15-19,female,2020,1,2020,2,5,-3,5
Week 50,15-19,male,2020,0,2020,6,10,-4,10
Week 50,20-24,female,2020,0,2020,6,6,0,6
Week 50,20-24,male,2020,0,2020,19,16,3,16
Week 50,25-29,female,2020,1,2020,18,9,9,9
Week 50,25-29,male,2020,2,2020,17,22,-5,22
Week 50,30-34,female,2020,1,2020,23,15,8,15
Week 50,30-34,male,2020,0,2020,35,28,7,28
Week 50,35-39,female,2020,3,2020,30,25,5,25
Week 50,35-39,male,2020,4,2020,39,40,-1,40
Week 50,40-44,female,2020,2,2020,41,41,0,41
Week 50,40-44,male,2020,9,2020,74,50,24,50
Week 50,45-49,female,2020,10,2020,68,69,-1,69
Week 50,45-49,male,2020,9,2020,122,96,26,96
Week 50,50-54,female,2020,13,2020,111,97,14,97
Week 50,50-54,male,2020,24,2020,188,144,44,144
Week 50,55-59,female,2020,20,2020,154,134,20,134
Week 50,55-59,male,2020,45,2020,279,210,69,210
Week 50,60-64,female,2020,39,2020,222,201,21,201
Week 50,60-64,male,2020,87,2020,381,291,90,291
Week 50,65-69,female,2020,46,2020,300,312,-12,312
Week 50,65-69,male,2020,108,2020,465,425,40,425
Week 50,70-74,female,2020,104,2020,489,451,38,451
Week 50,70-74,male,2020,154,2020,741,599,142,599
Week 50,75-79,female,2020,162,2020,711,608,103,608
Week 50,75-79,male,2020,238,2020,908,730,178,730
Week 50,80-84,female,2020,187,2020,916,868,48,868
Week 50,80-84,male,2020,305,2020,1073,929,144,929
Week 50,85-89,female,2020,291,2020,1163,1131,32,1131
Week 50,85-89,male,2020,279,2020,1030,911,119,911
Week 50,90+,female,2020,344,2020,1687,1630,57,1630
Week 50,90+,male,2020,267,2020,909,802,107,802
Week 51,00-04,female,2020,0,2020,23,28,-5,28
Week 51,00-04,male,2020,0,2020,28,34,-6,34
Week 51,05-09,female,2020,0,2020,1,3,-2,3
Week 51,05-09,male,2020,0,2020,3,4,-1,4
Week 51,10-14,female,2020,0,2020,3,3,0,3
Week 51,10-14,male,2020,0,2020,2,3,-1,3
Week 51,15-19,female,2020,0,2020,6,5,1,5
Week 51,15-19,male,2020,0,2020,5,7,-2,7
Week 51,20-24,female,2020,1,2020,5,6,-1,6
Week 51,20-24,male,2020,0,2020,19,16,3,16
Week 51,25-29,female,2020,0,2020,10,9,1,9
Week 51,25-29,male,2020,0,2020,28,20,8,20
Week 51,30-34,female,2020,1,2020,20,16,4,16
Week 51,30-34,male,2020,0,2020,37,25,12,25
Week 51,35-39,female,2020,2,2020,25,25,0,25
Week 51,35-39,male,2020,4,2020,48,43,5,43
Week 51,40-44,female,2020,4,2020,49,32,17,32
Week 51,40-44,male,2020,6,2020,66,56,10,56
Week 51,45-49,female,2020,13,2020,71,63,8,63
Week 51,45-49,male,2020,12,2020,118,93,25,93
Week 51,50-54,female,2020,15,2020,128,100,28,100
Week 51,50-54,male,2020,28,2020,189,148,41,148
Week 51,55-59,female,2020,38,2020,166,151,15,151
Week 51,55-59,male,2020,37,2020,271,212,59,212
Week 51,60-64,female,2020,48,2020,233,207,26,207
Week 51,60-64,male,2020,71,2020,348,287,61,287
Week 51,65-69,female,2020,71,2020,328,321,7,321
Week 51,65-69,male,2020,106,2020,477,445,32,445
Week 51,70-74,female,2020,90,2020,494,474,20,474
Week 51,70-74,male,2020,162,2020,752,629,123,629
Week 51,75-79,female,2020,151,2020,719,607,112,607
Week 51,75-79,male,2020,237,2020,895,742,153,742
Week 51,80-84,female,2020,235,2020,1004,898,106,898
Week 51,80-84,male,2020,309,2020,1120,947,173,947
Week 51,85-89,female,2020,289,2020,1254,1199,55,1199
Week 51,85-89,male,2020,320,2020,1185,913,272,913
Week 51,90+,female,2020,413,2020,1802,1697,105,1697
Week 51,90+,male,2020,323,2020,1079,860,219,860
Week 52,00-04,female,2020,0,2020,17,23,-6,23
Week 52,00-04,male,2020,0,2020,23,33,-10,33
Week 52,05-09,female,2020,0,2020,3,2,1,2
Week 52,05-09,male,2020,0,2020,2,5,-3,5
Week 52,10-14,female,2020,0,2020,2,3,-1,3
Week 52,10-14,male,2020,0,2020,4,2,2,2
Week 52,15-19,female,2020,0,2020,3,5,-2,5
Week 52,15-19,male,2020,0,2020,7,9,-2,9
Week 52,20-24,female,2020,0,2020,9,6,3,6
Week 52,20-24,male,2020,0,2020,12,16,-4,16
Week 52,25-29,female,2020,1,2020,14,11,3,11
Week 52,25-29,male,2020,0,2020,21,20,1,20
Week 52,30-34,female,2020,1,2020,15,19,-4,19
Week 52,30-34,male,2020,2,2020,31,29,2,29
Week 52,35-39,female,2020,3,2020,26,25,1,25
Week 52,35-39,male,2020,2,2020,44,38,6,38
Week 52,40-44,female,2020,6,2020,41,37,4,37
Week 52,40-44,male,2020,6,2020,58,62,-4,62
Week 52,45-49,female,2020,6,2020,62,66,-4,66
Week 52,45-49,male,2020,15,2020,117,101,16,101
Week 52,50-54,female,2020,20,2020,99,104,-5,104
Week 52,50-54,male,2020,21,2020,163,150,13,150
Week 52,55-59,female,2020,24,2020,136,146,-10,146
Week 52,55-59,male,2020,39,2020,223,214,9,214
Week 52,60-64,female,2020,47,2020,216,201,15,201
Week 52,60-64,male,2020,60,2020,299,297,2,297
Week 52,65-69,female,2020,59,2020,315,319,-4,319
Week 52,65-69,male,2020,101,2020,414,443,-29,443
Week 52,70-74,female,2020,111,2020,478,464,14,464
Week 52,70-74,male,2020,164,2020,676,624,52,624
Week 52,75-79,female,2020,145,2020,610,656,-46,656
Week 52,75-79,male,2020,252,2020,826,762,64,762
Week 52,80-84,female,2020,247,2020,864,928,-64,928
Week 52,80-84,male,2020,336,2020,1028,952,76,952
Week 52,85-89,female,2020,274,2020,1089,1192,-103,1192
Week 52,85-89,male,2020,331,2020,1065,997,68,997
Week 52,90+,female,2020,354,2020,1585,1726,-141,1726
Week 52,90+,male,2020,285,2020,923,857,66,857
Week 6,00-04,female,2021,0,2021,32,32,0,32
Week 6,00-04,female,2021,0,2020,19,32,-13,32
Week 6,00-04,female,2020,0,2021,32,32,0,32
Week 6,00-04,female,2020,0,2020,19,32,-13,32
Week 6,00-04,male,2020,0,2020,19,33,-14,33
Week 6,00-04,male,2020,0,2021,33,33,0,33
Week 6,00-04,male,2021,0,2020,19,33,-14,33
Week 6,00-04,male,2021,0,2021,33,33,0,33
Week 6,05-09,female,2021,0,2021,2,2,0,2
Week 6,05-09,female,2021,0,2020,2,2,0,2
Week 6,05-09,female,2020,0,2021,2,2,0,2
Week 6,05-09,female,2020,0,2020,2,2,0,2
Week 6,05-09,male,2021,0,2020,2,3,-1,3
Week 6,05-09,male,2021,0,2021,2,3,-1,3
Week 6,05-09,male,2020,0,2020,2,3,-1,3
Week 6,05-09,male,2020,0,2021,2,3,-1,3
Week 6,10-14,female,2021,0,2020,0,3,-3,3
Week 6,10-14,female,2021,0,2021,2,3,-1,3
Week 6,10-14,female,2020,0,2020,0,3,-3,3
Week 6,10-14,female,2020,0,2021,2,3,-1,3
Week 6,10-14,male,2020,0,2021,1,3,-2,3
Week 6,10-14,male,2020,0,2020,4,3,1,3
Week 6,10-14,male,2021,0,2021,1,3,-2,3
Week 6,10-14,male,2021,0,2020,4,3,1,3
Week 6,15-19,female,2020,0,2021,6,5,1,5
Week 6,15-19,female,2020,0,2020,2,5,-3,5
Week 6,15-19,female,2021,0,2021,6,5,1,5
Week 6,15-19,female,2021,0,2020,2,5,-3,5
Week 6,15-19,male,2021,1,2020,8,8,0,8
Week 6,15-19,male,2021,1,2021,6,8,-2,8
Week 6,15-19,male,2020,1,2020,8,8,0,8
Week 6,15-19,male,2020,1,2021,6,8,-2,8
Week 6,20-24,female,2021,0,2020,11,6,5,6
Week 6,20-24,female,2021,0,2021,7,6,1,6
Week 6,20-24,female,2020,0,2020,11,6,5,6
Week 6,20-24,female,2020,0,2021,7,6,1,6
Week 6,20-24,male,2021,2,2020,23,16,7,16
Week 6,20-24,male,2021,2,2021,26,16,10,16
Week 6,20-24,male,2020,2,2020,23,16,7,16
Week 6,20-24,male,2020,2,2021,26,16,10,16
Week 6,25-29,female,2021,2,2020,12,14,-2,14
Week 6,25-29,female,2021,2,2021,14,14,0,14
Week 6,25-29,female,2020,2,2020,12,14,-2,14
Week 6,25-29,female,2020,2,2021,14,14,0,14
Week 6,25-29,male,2021,4,2020,11,20,-9,20
Week 6,25-29,male,2021,4,2021,29,20,9,20
Week 6,25-29,male,2020,4,2020,11,20,-9,20
Week 6,25-29,male,2020,4,2021,29,20,9,20
Week 6,30-34,female,2020,6,2021,23,16,7,16
Week 6,30-34,female,2020,6,2020,14,16,-2,16
Week 6,30-34,female,2021,6,2021,23,16,7,16
Week 6,30-34,female,2021,6,2020,14,16,-2,16
Week 6,30-34,male,2020,4,2021,39,31,8,31
Week 6,30-34,male,2020,4,2020,24,31,-7,31
Week 6,30-34,male,2021,4,2021,39,31,8,31
Week 6,30-34,male,2021,4,2020,24,31,-7,31
Week 6,35-39,female,2020,8,2021,42,27,15,27
Week 6,35-39,female,2020,8,2020,18,27,-9,27
Week 6,35-39,female,2021,8,2021,42,27,15,27
Week 6,35-39,female,2021,8,2020,18,27,-9,27
Week 6,35-39,male,2021,16,2020,53,48,5,48
Week 6,35-39,male,2021,16,2021,77,48,29,48
Week 6,35-39,male,2020,16,2020,53,48,5,48
Week 6,35-39,male,2020,16,2021,77,48,29,48
Week 6,40-44,female,2021,14,2021,55,39,16,39
Week 6,40-44,female,2021,14,2020,40,39,1,39
Week 6,40-44,female,2020,14,2021,55,39,16,39
Week 6,40-44,female,2020,14,2020,40,39,1,39
Week 6,40-44,male,2020,15,2020,55,60,-5,60
Week 6,40-44,male,2020,15,2021,88,60,28,60
Week 6,40-44,male,2021,15,2020,55,60,-5,60
Week 6,40-44,male,2021,15,2021,88,60,28,60
Week 6,45-49,female,2021,25,2020,62,66,-4,66
Week 6,45-49,female,2021,25,2021,105,66,39,66
Week 6,45-49,female,2020,25,2020,62,66,-4,66
Week 6,45-49,female,2020,25,2021,105,66,39,66
Week 6,45-49,male,2021,39,2021,135,114,21,114
Week 6,45-49,male,2021,39,2020,95,114,-19,114
Week 6,45-49,male,2020,39,2021,135,114,21,114
Week 6,45-49,male,2020,39,2020,95,114,-19,114
Week 6,50-54,female,2020,37,2020,114,107,7,107
Week 6,50-54,female,2020,37,2021,126,107,19,107
Week 6,50-54,female,2021,37,2020,114,107,7,107
Week 6,50-54,female,2021,37,2021,126,107,19,107
Week 6,50-54,male,2021,92,2021,250,152,98,152
Week 6,50-54,male,2021,92,2020,175,152,23,152
Week 6,50-54,male,2020,92,2021,250,152,98,152
Week 6,50-54,male,2020,92,2020,175,152,23,152
Week 6,55-59,female,2020,61,2021,221,139,82,139
Week 6,55-59,female,2020,61,2020,163,139,24,139
Week 6,55-59,female,2021,61,2021,221,139,82,139
Week 6,55-59,female,2021,61,2020,163,139,24,139
Week 6,55-59,male,2021,121,2020,208,215,-7,215
Week 6,55-59,male,2021,121,2021,367,215,152,215
Week 6,55-59,male,2020,121,2020,208,215,-7,215
Week 6,55-59,male,2020,121,2021,367,215,152,215
Week 6,60-64,female,2020,100,2020,206,194,12,194
Week 6,60-64,female,2020,100,2021,275,194,81,194
Week 6,60-64,female,2021,100,2020,206,194,12,194
Week 6,60-64,female,2021,100,2021,275,194,81,194
Week 6,60-64,male,2021,201,2020,306,303,3,303
Week 6,60-64,male,2021,201,2021,447,303,144,303
Week 6,60-64,male,2020,201,2020,306,303,3,303
Week 6,60-64,male,2020,201,2021,447,303,144,303
Week 6,65-69,female,2021,158,2021,380,326,54,326
Week 6,65-69,female,2021,158,2020,266,326,-60,326
Week 6,65-69,female,2020,158,2021,380,326,54,326
Week 6,65-69,female,2020,158,2020,266,326,-60,326
Week 6,65-69,male,2020,223,2021,549,458,91,458
Week 6,65-69,male,2020,223,2020,423,458,-35,458
Week 6,65-69,male,2021,223,2021,549,458,91,458
Week 6,65-69,male,2021,223,2020,423,458,-35,458
Week 6,70-74,female,2020,200,2021,594,456,138,456
Week 6,70-74,female,2020,200,2020,494,456,38,456
Week 6,70-74,female,2021,200,2021,594,456,138,456
Week 6,70-74,female,2021,200,2020,494,456,38,456
Week 6,70-74,male,2021,351,2020,626,634,-8,634
Week 6,70-74,male,2021,351,2021,951,634,317,634
Week 6,70-74,male,2020,351,2020,626,634,-8,634
Week 6,70-74,male,2020,351,2021,951,634,317,634
Week 6,75-79,female,2021,297,2021,853,633,220,633
Week 6,75-79,female,2021,297,2020,645,633,12,633
Week 6,75-79,female,2020,297,2021,853,633,220,633
Week 6,75-79,female,2020,297,2020,645,633,12,633
Week 6,75-79,male,2020,455,2021,1129,776,353,776
Week 6,75-79,male,2020,455,2020,713,776,-63,776
Week 6,75-79,male,2021,455,2021,1129,776,353,776
Week 6,75-79,male,2021,455,2020,713,776,-63,776
Week 6,80-84,female,2021,408,2021,1127,927,200,927
Week 6,80-84,female,2021,408,2020,823,927,-104,927
Week 6,80-84,female,2020,408,2021,1127,927,200,927
Week 6,80-84,female,2020,408,2020,823,927,-104,927
Week 6,80-84,male,2020,490,2021,1277,951,326,951
Week 6,80-84,male,2020,490,2020,875,951,-76,951
Week 6,80-84,male,2021,490,2021,1277,951,326,951
Week 6,80-84,male,2021,490,2020,875,951,-76,951
Week 6,85-89,female,2020,538,2020,1097,1197,-100,1197
Week 6,85-89,female,2020,538,2021,1477,1197,280,1197
Week 6,85-89,female,2021,538,2020,1097,1197,-100,1197
Week 6,85-89,female,2021,538,2021,1477,1197,280,1197
Week 6,85-89,male,2020,540,2020,943,988,-45,988
Week 6,85-89,male,2020,540,2021,1254,988,266,988
Week 6,85-89,male,2021,540,2020,943,988,-45,988
Week 6,85-89,male,2021,540,2021,1254,988,266,988
Week 6,90+,female,2020,795,2021,2167,1798,369,1798
Week 6,90+,female,2020,795,2020,1590,1798,-208,1798
Week 6,90+,female,2021,795,2021,2167,1798,369,1798
Week 6,90+,female,2021,795,2020,1590,1798,-208,1798
Week 6,90+,male,2021,488,2021,1186,867,319,867
Week 6,90+,male,2021,488,2020,843,867,-24,867
Week 6,90+,male,2020,488,2021,1186,867,319,867
Week 6,90+,male,2020,488,2020,843,867,-24,867
Week 7,00-04,female,2021,0,2021,17,25,-8,25
Week 7,00-04,female,2021,0,2020,16,25,-9,25
Week 7,00-04,female,2020,0,2021,17,25,-8,25
Week 7,00-04,female,2020,0,2020,16,25,-9,25
Week 7,00-04,male,2021,0,2021,28,33,-5,33
Week 7,00-04,male,2021,0,2020,33,33,0,33
Week 7,00-04,male,2020,0,2021,28,33,-5,33
Week 7,00-04,male,2020,0,2020,33,33,0,33
Week 7,05-09,female,2020,0,2020,1,2,-1,2
Week 7,05-09,female,2020,0,2021,4,2,2,2
Week 7,05-09,female,2021,0,2020,1,2,-1,2
Week 7,05-09,female,2021,0,2021,4,2,2,2
Week 7,05-09,male,2021,0,2020,1,3,-2,3
Week 7,05-09,male,2021,0,2021,0,3,-3,3
Week 7,05-09,male,2020,0,2020,1,3,-2,3
Week 7,05-09,male,2020,0,2021,0,3,-3,3
Week 7,10-14,female,2021,0,2021,4,2,2,2
Week 7,10-14,female,2021,0,2020,1,2,-1,2
Week 7,10-14,female,2020,0,2021,4,2,2,2
Week 7,10-14,female,2020,0,2020,1,2,-1,2
Week 7,10-14,male,2021,0,2021,3,4,-1,4
Week 7,10-14,male,2021,0,2020,3,4,-1,4
Week 7,10-14,male,2020,0,2021,3,4,-1,4
Week 7,10-14,male,2020,0,2020,3,4,-1,4
Week 7,15-19,female,2021,0,2020,7,5,2,5
Week 7,15-19,female,2021,0,2021,2,5,-3,5
Week 7,15-19,female,2020,0,2020,7,5,2,5
Week 7,15-19,female,2020,0,2021,2,5,-3,5
Week 7,15-19,male,2020,0,2021,13,10,3,10
Week 7,15-19,male,2020,0,2020,9,10,-1,10
Week 7,15-19,male,2021,0,2021,13,10,3,10
Week 7,15-19,male,2021,0,2020,9,10,-1,10
Week 7,20-24,female,2021,2,2020,7,8,-1,8
Week 7,20-24,female,2021,2,2021,12,8,4,8
Week 7,20-24,female,2020,2,2020,7,8,-1,8
Week 7,20-24,female,2020,2,2021,12,8,4,8
Week 7,20-24,male,2021,3,2020,19,19,0,19
Week 7,20-24,male,2021,3,2021,23,19,4,19
Week 7,20-24,male,2020,3,2020,19,19,0,19
Week 7,20-24,male,2020,3,2021,23,19,4,19
Week 7,25-29,female,2020,3,2020,8,14,-6,14
Week 7,25-29,female,2020,3,2021,10,14,-4,14
Week 7,25-29,female,2021,3,2020,8,14,-6,14
Week 7,25-29,female,2021,3,2021,10,14,-4,14
Week 7,25-29,male,2020,0,2020,19,23,-4,23
Week 7,25-29,male,2020,0,2021,20,23,-3,23
Week 7,25-29,male,2021,0,2020,19,23,-4,23
Week 7,25-29,male,2021,0,2021,20,23,-3,23
Week 7,30-34,female,2020,3,2020,13,16,-3,16
Week 7,30-34,female,2020,3,2021,23,16,7,16
Week 7,30-34,female,2021,3,2020,13,16,-3,16
Week 7,30-34,female,2021,3,2021,23,16,7,16
Week 7,30-34,male,2021,6,2021,35,26,9,26
Week 7,30-34,male,2021,6,2020,27,26,1,26
Week 7,30-34,male,2020,6,2021,35,26,9,26
Week 7,30-34,male,2020,6,2020,27,26,1,26
Week 7,35-39,female,2021,4,2021,30,24,6,24
Week 7,35-39,female,2021,4,2020,33,24,9,24
Week 7,35-39,female,2020,4,2021,30,24,6,24
Week 7,35-39,female,2020,4,2020,33,24,9,24
Week 7,35-39,male,2020,11,2020,52,41,11,41
Week 7,35-39,male,2020,11,2021,55,41,14,41
Week 7,35-39,male,2021,11,2020,52,41,11,41
Week 7,35-39,male,2021,11,2021,55,41,14,41
Week 7,40-44,female,2021,12,2020,34,39,-5,39
Week 7,40-44,female,2021,12,2021,47,39,8,39
Week 7,40-44,female,2020,12,2020,34,39,-5,39
Week 7,40-44,female,2020,12,2021,47,39,8,39
Week 7,40-44,male,2021,10,2021,77,59,18,59
Week 7,40-44,male,2021,10,2020,58,59,-1,59
Week 7,40-44,male,2020,10,2021,77,59,18,59
Week 7,40-44,male,2020,10,2020,58,59,-1,59
Week 7,45-49,female,2020,22,2020,66,71,-5,71
Week 7,45-49,female,2020,22,2021,95,71,24,71
Week 7,45-49,female,2021,22,2020,66,71,-5,71
Week 7,45-49,female,2021,22,2021,95,71,24,71
Week 7,45-49,male,2020,28,2020,99,102,-3,102
Week 7,45-49,male,2020,28,2021,118,102,16,102
Week 7,45-49,male,2021,28,2020,99,102,-3,102
Week 7,45-49,male,2021,28,2021,118,102,16,102
Week 7,50-54,female,2021,38,2021,136,106,30,106
Week 7,50-54,female,2021,38,2020,116,106,10,106
Week 7,50-54,female,2020,38,2021,136,106,30,106
Week 7,50-54,female,2020,38,2020,116,106,10,106
Week 7,50-54,male,2021,49,2020,172,154,18,154
Week 7,50-54,male,2021,49,2021,218,154,64,154
Week 7,50-54,male,2020,49,2020,172,154,18,154
Week 7,50-54,male,2020,49,2021,218,154,64,154
Week 7,55-59,female,2020,66,2020,136,143,-7,143
Week 7,55-59,female,2020,66,2021,227,143,84,143
Week 7,55-59,female,2021,66,2020,136,143,-7,143
Week 7,55-59,female,2021,66,2021,227,143,84,143
Week 7,55-59,male,2021,98,2020,209,214,-5,214
Week 7,55-59,male,2021,98,2021,311,214,97,214
Week 7,55-59,male,2020,98,2020,209,214,-5,214
Week 7,55-59,male,2020,98,2021,311,214,97,214
Week 7,60-64,female,2021,77,2021,267,218,49,218
Week 7,60-64,female,2021,77,2020,203,218,-15,218
Week 7,60-64,female,2020,77,2021,267,218,49,218
Week 7,60-64,female,2020,77,2020,203,218,-15,218
Week 7,60-64,male,2021,157,2020,287,309,-22,309
Week 7,60-64,male,2021,157,2021,461,309,152,309
Week 7,60-64,male,2020,157,2020,287,309,-22,309
Week 7,60-64,male,2020,157,2021,461,309,152,309
Week 7,65-69,female,2021,117,2020,241,311,-70,311
Week 7,65-69,female,2021,117,2021,369,311,58,311
Week 7,65-69,female,2020,117,2020,241,311,-70,311
Week 7,65-69,female,2020,117,2021,369,311,58,311
Week 7,65-69,male,2020,184,2020,400,448,-48,448
Week 7,65-69,male,2020,184,2021,564,448,116,448
Week 7,65-69,male,2021,184,2020,400,448,-48,448
Week 7,65-69,male,2021,184,2021,564,448,116,448
Week 7,70-74,female,2020,166,2020,453,453,0,453
Week 7,70-74,female,2020,166,2021,597,453,144,453
Week 7,70-74,female,2021,166,2020,453,453,0,453
Week 7,70-74,female,2021,166,2021,597,453,144,453
Week 7,70-74,male,2021,248,2020,660,623,37,623
Week 7,70-74,male,2021,248,2021,782,623,159,623
Week 7,70-74,male,2020,248,2020,660,623,37,623
Week 7,70-74,male,2020,248,2021,782,623,159,623
Week 7,75-79,female,2021,215,2020,579,625,-46,625
Week 7,75-79,female,2021,215,2021,751,625,126,625
Week 7,75-79,female,2020,215,2020,579,625,-46,625
Week 7,75-79,female,2020,215,2021,751,625,126,625
Week 7,75-79,male,2021,304,2021,967,772,195,772
Week 7,75-79,male,2021,304,2020,726,772,-46,772
Week 7,75-79,male,2020,304,2021,967,772,195,772
Week 7,75-79,male,2020,304,2020,726,772,-46,772
Week 7,80-84,female,2021,308,2020,834,924,-90,924
Week 7,80-84,female,2021,308,2021,1063,924,139,924
Week 7,80-84,female,2020,308,2020,834,924,-90,924
Week 7,80-84,female,2020,308,2021,1063,924,139,924
Week 7,80-84,male,2020,356,2020,870,975,-105,975
Week 7,80-84,male,2020,356,2021,1170,975,195,975
Week 7,80-84,male,2021,356,2020,870,975,-105,975
Week 7,80-84,male,2021,356,2021,1170,975,195,975
Week 7,85-89,female,2021,347,2020,1044,1238,-194,1238
Week 7,85-89,female,2021,347,2021,1234,1238,-4,1238
Week 7,85-89,female,2020,347,2020,1044,1238,-194,1238
Week 7,85-89,female,2020,347,2021,1234,1238,-4,1238
Week 7,85-89,male,2021,391,2020,995,976,19,976
Week 7,85-89,male,2021,391,2021,1156,976,180,976
Week 7,85-89,male,2020,391,2020,995,976,19,976
Week 7,85-89,male,2020,391,2021,1156,976,180,976
Week 7,90+,female,2020,528,2021,1894,1742,152,1742
Week 7,90+,female,2020,528,2020,1665,1742,-77,1742
Week 7,90+,female,2021,528,2021,1894,1742,152,1742
Week 7,90+,female,2021,528,2020,1665,1742,-77,1742
Week 7,90+,male,2020,326,2020,852,902,-50,902
Week 7,90+,male,2020,326,2021,1026,902,124,902
Week 7,90+,male,2021,326,2020,852,902,-50,902
Week 7,90+,male,2021,326,2021,1026,902,124,902
Week 8,00-04,female,2021,0,2021,28,24,4,24
Week 8,00-04,female,2021,0,2020,19,24,-5,24
Week 8,00-04,female,2020,0,2021,28,24,4,24
Week 8,00-04,female,2020,0,2020,19,24,-5,24
Week 8,00-04,male,2020,0,2021,40,33,7,33
Week 8,00-04,male,2020,0,2020,37,33,4,33
Week 8,00-04,male,2021,0,2021,40,33,7,33
Week 8,00-04,male,2021,0,2020,37,33,4,33
Week 8,05-09,female,2021,0,2020,2,2,0,2
Week 8,05-09,female,2021,0,2021,3,2,1,2
Week 8,05-09,female,2020,0,2020,2,2,0,2
Week 8,05-09,female,2020,0,2021,3,2,1,2
Week 8,05-09,male,2020,0,2021,2,2,0,2
Week 8,05-09,male,2020,0,2020,4,2,2,2
Week 8,05-09,male,2021,0,2021,2,2,0,2
Week 8,05-09,male,2021,0,2020,4,2,2,2
Week 8,10-14,female,2020,1,2020,5,2,3,2
Week 8,10-14,female,2020,1,2021,4,2,2,2
Week 8,10-14,female,2021,1,2020,5,2,3,2
Week 8,10-14,female,2021,1,2021,4,2,2,2
Week 8,10-14,male,2021,0,2020,2,4,-2,4
Week 8,10-14,male,2021,0,2021,2,4,-2,4
Week 8,10-14,male,2020,0,2020,2,4,-2,4
Week 8,10-14,male,2020,0,2021,2,4,-2,4
Week 8,15-19,female,2021,0,2021,5,6,-1,6
Week 8,15-19,female,2021,0,2020,6,6,0,6
Week 8,15-19,female,2020,0,2021,5,6,-1,6
Week 8,15-19,female,2020,0,2020,6,6,0,6
Week 8,15-19,male,2020,0,2020,14,9,5,9
Week 8,15-19,male,2020,0,2021,15,9,6,9
Week 8,15-19,male,2021,0,2020,14,9,5,9
Week 8,15-19,male,2021,0,2021,15,9,6,9
Week 8,20-24,female,2020,0,2021,3,8,-5,8
Week 8,20-24,female,2020,0,2020,4,8,-4,8
Week 8,20-24,female,2021,0,2021,3,8,-5,8
Week 8,20-24,female,2021,0,2020,4,8,-4,8
Week 8,20-24,male,2020,1,2021,15,24,-9,24
Week 8,20-24,male,2020,1,2020,14,24,-10,24
Week 8,20-24,male,2021,1,2021,15,24,-9,24
Week 8,20-24,male,2021,1,2020,14,24,-10,24
Week 8,25-29,female,2021,3,2021,11,13,-2,13
Week 8,25-29,female,2021,3,2020,12,13,-1,13
Week 8,25-29,female,2020,3,2021,11,13,-2,13
Week 8,25-29,female,2020,3,2020,12,13,-1,13
Week 8,25-29,male,2021,4,2020,17,23,-6,23
Week 8,25-29,male,2021,4,2021,17,23,-6,23
Week 8,25-29,male,2020,4,2020,17,23,-6,23
Week 8,25-29,male,2020,4,2021,17,23,-6,23
Week 8,30-34,female,2021,0,2021,12,19,-7,19
Week 8,30-34,female,2021,0,2020,21,19,2,19
Week 8,30-34,female,2020,0,2021,12,19,-7,19
Week 8,30-34,female,2020,0,2020,21,19,2,19
Week 8,30-34,male,2021,3,2020,39,28,11,28
Week 8,30-34,male,2021,3,2021,43,28,15,28
Week 8,30-34,male,2020,3,2020,39,28,11,28
Week 8,30-34,male,2020,3,2021,43,28,15,28
Week 8,35-39,female,2020,8,2021,38,24,14,24
Week 8,35-39,female,2020,8,2020,31,24,7,24
Week 8,35-39,female,2021,8,2021,38,24,14,24
Week 8,35-39,female,2021,8,2020,31,24,7,24
Week 8,35-39,male,2020,6,2020,46,40,6,40
Week 8,35-39,male,2020,6,2021,36,40,-4,40
Week 8,35-39,male,2021,6,2020,46,40,6,40
Week 8,35-39,male,2021,6,2021,36,40,-4,40
Week 8,40-44,female,2020,8,2021,44,37,7,37
Week 8,40-44,female,2020,8,2020,45,37,8,37
Week 8,40-44,female,2021,8,2021,44,37,7,37
Week 8,40-44,female,2021,8,2020,45,37,8,37
Week 8,40-44,male,2020,8,2020,72,55,17,55
Week 8,40-44,male,2020,8,2021,72,55,17,55
Week 8,40-44,male,2021,8,2020,72,55,17,55
Week 8,40-44,male,2021,8,2021,72,55,17,55
Week 8,45-49,female,2020,19,2021,91,72,19,72
Week 8,45-49,female,2020,19,2020,77,72,5,72
Week 8,45-49,female,2021,19,2021,91,72,19,72
Week 8,45-49,female,2021,19,2020,77,72,5,72
Week 8,45-49,male,2021,17,2020,105,100,5,100
Week 8,45-49,male,2021,17,2021,115,100,15,100
Week 8,45-49,male,2020,17,2020,105,100,5,100
Week 8,45-49,male,2020,17,2021,115,100,15,100
Week 8,50-54,female,2020,31,2021,115,105,10,105
Week 8,50-54,female,2020,31,2020,92,105,-13,105
Week 8,50-54,female,2021,31,2021,115,105,10,105
Week 8,50-54,female,2021,31,2020,92,105,-13,105
Week 8,50-54,male,2021,43,2020,140,164,-24,164
Week 8,50-54,male,2021,43,2021,197,164,33,164
Week 8,50-54,male,2020,43,2020,140,164,-24,164
Week 8,50-54,male,2020,43,2021,197,164,33,164
Week 8,55-59,female,2021,49,2021,196,144,52,144
Week 8,55-59,female,2021,49,2020,151,144,7,144
Week 8,55-59,female,2020,49,2021,196,144,52,144
Week 8,55-59,female,2020,49,2020,151,144,7,144
Week 8,55-59,male,2021,65,2021,275,208,67,208
Week 8,55-59,male,2021,65,2020,195,208,-13,208
Week 8,55-59,male,2020,65,2021,275,208,67,208
Week 8,55-59,male,2020,65,2020,195,208,-13,208
Week 8,60-64,female,2020,61,2021,232,197,35,197
Week 8,60-64,female,2020,61,2020,226,197,29,197
Week 8,60-64,female,2021,61,2021,232,197,35,197
Week 8,60-64,female,2021,61,2020,226,197,29,197
Week 8,60-64,male,2021,130,2021,412,314,98,314
Week 8,60-64,male,2021,130,2020,285,314,-29,314
Week 8,60-64,male,2020,130,2021,412,314,98,314
Week 8,60-64,male,2020,130,2020,285,314,-29,314
Week 8,65-69,female,2021,81,2020,295,315,-20,315
Week 8,65-69,female,2021,81,2021,371,315,56,315
Week 8,65-69,female,2020,81,2020,295,315,-20,315
Week 8,65-69,female,2020,81,2021,371,315,56,315
Week 8,65-69,male,2021,136,2020,400,430,-30,430
Week 8,65-69,male,2021,136,2021,501,430,71,430
Week 8,65-69,male,2020,136,2020,400,430,-30,430
Week 8,65-69,male,2020,136,2021,501,430,71,430
Week 8,70-74,female,2020,125,2021,542,463,79,463
Week 8,70-74,female,2020,125,2020,450,463,-13,463
Week 8,70-74,female,2021,125,2021,542,463,79,463
Week 8,70-74,female,2021,125,2020,450,463,-13,463
Week 8,70-74,male,2021,183,2020,598,605,-7,605
Week 8,70-74,male,2021,183,2021,739,605,134,605
Week 8,70-74,male,2020,183,2020,598,605,-7,605
Week 8,70-74,male,2020,183,2021,739,605,134,605
Week 8,75-79,female,2020,159,2020,560,604,-44,604
Week 8,75-79,female,2020,159,2021,663,604,59,604
Week 8,75-79,female,2021,159,2020,560,604,-44,604
Week 8,75-79,female,2021,159,2021,663,604,59,604
Week 8,75-79,male,2020,210,2021,876,763,113,763
Week 8,75-79,male,2020,210,2020,778,763,15,763
Week 8,75-79,male,2021,210,2021,876,763,113,763
Week 8,75-79,male,2021,210,2020,778,763,15,763
Week 8,80-84,female,2021,187,2020,802,922,-120,922
Week 8,80-84,female,2021,187,2021,910,922,-12,922
Week 8,80-84,female,2020,187,2020,802,922,-120,922
Week 8,80-84,female,2020,187,2021,910,922,-12,922
Week 8,80-84,male,2021,243,2021,1061,926,135,926
Week 8,80-84,male,2021,243,2020,894,926,-32,926
Week 8,80-84,male,2020,243,2021,1061,926,135,926
Week 8,80-84,male,2020,243,2020,894,926,-32,926
Week 8,85-89,female,2021,273,2020,1021,1171,-150,1171
Week 8,85-89,female,2021,273,2021,1232,1171,61,1171
Week 8,85-89,female,2020,273,2020,1021,1171,-150,1171
Week 8,85-89,female,2020,273,2021,1232,1171,61,1171
Week 8,85-89,male,2021,256,2021,1054,959,95,959
Week 8,85-89,male,2021,256,2020,906,959,-53,959
Week 8,85-89,male,2020,256,2021,1054,959,95,959
Week 8,85-89,male,2020,256,2020,906,959,-53,959
Week 8,90+,female,2020,368,2020,1582,1749,-167,1749
Week 8,90+,female,2020,368,2021,1694,1749,-55,1749
Week 8,90+,female,2021,368,2020,1582,1749,-167,1749
Week 8,90+,female,2021,368,2021,1694,1749,-55,1749
Week 8,90+,male,2020,236,2020,893,846,47,846
Week 8,90+,male,2020,236,2021,948,846,102,846
Week 8,90+,male,2021,236,2020,893,846,47,846
Week 8,90+,male,2021,236,2021,948,846,102,846
Week 9,00-04,female,2021,0,2021,26,27,-1,27
Week 9,00-04,female,2021,0,2020,20,27,-7,27
Week 9,00-04,female,2020,0,2021,26,27,-1,27
Week 9,00-04,female,2020,0,2020,20,27,-7,27
Week 9,00-04,male,2021,0,2020,36,31,5,31
Week 9,00-04,male,2021,0,2021,33,31,2,31
Week 9,00-04,male,2020,0,2020,36,31,5,31
Week 9,00-04,male,2020,0,2021,33,31,2,31
Week 9,05-09,female,2021,0,2021,0,2,-2,2
Week 9,05-09,female,2021,0,2020,2,2,0,2
Week 9,05-09,female,2020,0,2021,0,2,-2,2
Week 9,05-09,female,2020,0,2020,2,2,0,2
Week 9,05-09,male,2020,0,2021,0,3,-3,3
Week 9,05-09,male,2020,0,2020,4,3,1,3
Week 9,05-09,male,2021,0,2021,0,3,-3,3
Week 9,05-09,male,2021,0,2020,4,3,1,3
Week 9,10-14,female,2020,0,2021,3,2,1,2
Week 9,10-14,female,2020,0,2020,2,2,0,2
Week 9,10-14,female,2021,0,2021,3,2,1,2
Week 9,10-14,female,2021,0,2020,2,2,0,2
Week 9,10-14,male,2020,0,2020,5,3,2,3
Week 9,10-14,male,2020,0,2021,1,3,-2,3
Week 9,10-14,male,2021,0,2020,5,3,2,3
Week 9,10-14,male,2021,0,2021,1,3,-2,3
Week 9,15-19,female,2020,0,2020,8,5,3,5
Week 9,15-19,female,2020,0,2021,5,5,0,5
Week 9,15-19,female,2021,0,2020,8,5,3,5
Week 9,15-19,female,2021,0,2021,5,5,0,5
Week 9,15-19,male,2021,1,2021,10,11,-1,11
Week 9,15-19,male,2021,1,2020,16,11,5,11
Week 9,15-19,male,2020,1,2021,10,11,-1,11
Week 9,15-19,male,2020,1,2020,16,11,5,11
Week 9,20-24,female,2021,0,2020,6,10,-4,10
Week 9,20-24,female,2021,0,2021,6,10,-4,10
Week 9,20-24,female,2020,0,2020,6,10,-4,10
Week 9,20-24,female,2020,0,2021,6,10,-4,10
Week 9,20-24,male,2021,0,2021,22,20,2,20
Week 9,20-24,male,2021,0,2020,19,20,-1,20
Week 9,20-24,male,2020,0,2021,22,20,2,20
Week 9,20-24,male,2020,0,2020,19,20,-1,20
Week 9,25-29,female,2021,2,2021,11,11,0,11
Week 9,25-29,female,2021,2,2020,7,11,-4,11
Week 9,25-29,female,2020,2,2021,11,11,0,11
Week 9,25-29,female,2020,2,2020,7,11,-4,11
Week 9,25-29,male,2021,3,2021,29,22,7,22
Week 9,25-29,male,2021,3,2020,21,22,-1,22
Week 9,25-29,male,2020,3,2021,29,22,7,22
Week 9,25-29,male,2020,3,2020,21,22,-1,22
Week 9,30-34,female,2020,3,2021,24,20,4,20
Week 9,30-34,female,2020,3,2020,18,20,-2,20
Week 9,30-34,female,2021,3,2021,24,20,4,20
Week 9,30-34,female,2021,3,2020,18,20,-2,20
Week 9,30-34,male,2020,3,2020,32,32,0,32
Week 9,30-34,male,2020,3,2021,52,32,20,32
Week 9,30-34,male,2021,3,2020,32,32,0,32
Week 9,30-34,male,2021,3,2021,52,32,20,32
Week 9,35-39,female,2021,9,2020,34,24,10,24
Week 9,35-39,female,2021,9,2021,29,24,5,24
Week 9,35-39,female,2020,9,2020,34,24,10,24
Week 9,35-39,female,2020,9,2021,29,24,5,24
Week 9,35-39,male,2021,5,2020,51,41,10,41
Week 9,35-39,male,2021,5,2021,56,41,15,41
Week 9,35-39,male,2020,5,2020,51,41,10,41
Week 9,35-39,male,2020,5,2021,56,41,15,41
Week 9,40-44,female,2020,6,2020,39,37,2,37
Week 9,40-44,female,2020,6,2021,36,37,-1,37
Week 9,40-44,female,2021,6,2020,39,37,2,37
Week 9,40-44,female,2021,6,2021,36,37,-1,37
Week 9,40-44,male,2020,15,2020,64,69,-5,69
Week 9,40-44,male,2020,15,2021,76,69,7,69
Week 9,40-44,male,2021,15,2020,64,69,-5,69
Week 9,40-44,male,2021,15,2021,76,69,7,69
Week 9,45-49,female,2020,11,2020,60,72,-12,72
Week 9,45-49,female,2020,11,2021,68,72,-4,72
Week 9,45-49,female,2021,11,2020,60,72,-12,72
Week 9,45-49,female,2021,11,2021,68,72,-4,72
Week 9,45-49,male,2021,18,2020,95,106,-11,106
Week 9,45-49,male,2021,18,2021,116,106,10,106
Week 9,45-49,male,2020,18,2020,95,106,-11,106
Week 9,45-49,male,2020,18,2021,116,106,10,106
Week 9,50-54,female,2021,22,2020,114,100,14,100
Week 9,50-54,female,2021,22,2021,109,100,9,100
Week 9,50-54,female,2020,22,2020,114,100,14,100
Week 9,50-54,female,2020,22,2021,109,100,9,100
Week 9,50-54,male,2021,27,2020,147,160,-13,160
Week 9,50-54,male,2021,27,2021,197,160,37,160
Week 9,50-54,male,2020,27,2020,147,160,-13,160
Week 9,50-54,male,2020,27,2021,197,160,37,160
Week 9,55-59,female,2021,34,2021,177,143,34,143
Week 9,55-59,female,2021,34,2020,158,143,15,143
Week 9,55-59,female,2020,34,2021,177,143,34,143
Week 9,55-59,female,2020,34,2020,158,143,15,143
Week 9,55-59,male,2020,52,2020,189,209,-20,209
Week 9,55-59,male,2020,52,2021,248,209,39,209
Week 9,55-59,male,2021,52,2020,189,209,-20,209
Week 9,55-59,male,2021,52,2021,248,209,39,209
Week 9,60-64,female,2020,53,2021,244,205,39,205
Week 9,60-64,female,2020,53,2020,208,205,3,205
Week 9,60-64,female,2021,53,2021,244,205,39,205
Week 9,60-64,female,2021,53,2020,208,205,3,205
Week 9,60-64,male,2021,100,2020,286,302,-16,302
Week 9,60-64,male,2021,100,2021,382,302,80,302
Week 9,60-64,male,2020,100,2020,286,302,-16,302
Week 9,60-64,male,2020,100,2021,382,302,80,302
Week 9,65-69,female,2021,71,2021,333,318,15,318
Week 9,65-69,female,2021,71,2020,265,318,-53,318
Week 9,65-69,female,2020,71,2021,333,318,15,318
Week 9,65-69,female,2020,71,2020,265,318,-53,318
Week 9,65-69,male,2020,123,2020,417,441,-24,441
Week 9,65-69,male,2020,123,2021,477,441,36,441
Week 9,65-69,male,2021,123,2020,417,441,-24,441
Week 9,65-69,male,2021,123,2021,477,441,36,441
Week 9,70-74,female,2021,71,2020,464,450,14,450
Week 9,70-74,female,2021,71,2021,486,450,36,450
Week 9,70-74,female,2020,71,2020,464,450,14,450
Week 9,70-74,female,2020,71,2021,486,450,36,450
Week 9,70-74,male,2021,137,2021,697,610,87,610
Week 9,70-74,male,2021,137,2020,647,610,37,610
Week 9,70-74,male,2020,137,2021,697,610,87,610
Week 9,70-74,male,2020,137,2020,647,610,37,610
Week 9,75-79,female,2020,100,2021,612,614,-2,614
Week 9,75-79,female,2020,100,2020,546,614,-68,614
Week 9,75-79,female,2021,100,2021,612,614,-2,614
Week 9,75-79,female,2021,100,2020,546,614,-68,614
Week 9,75-79,male,2020,158,2021,826,752,74,752
Week 9,75-79,male,2020,158,2020,709,752,-43,752
Week 9,75-79,male,2021,158,2021,826,752,74,752
Week 9,75-79,male,2021,158,2020,709,752,-43,752
Week 9,80-84,female,2021,134,2021,874,914,-40,914
Week 9,80-84,female,2021,134,2020,842,914,-72,914
Week 9,80-84,female,2020,134,2021,874,914,-40,914
Week 9,80-84,female,2020,134,2020,842,914,-72,914
Week 9,80-84,male,2021,184,2020,871,938,-67,938
Week 9,80-84,male,2021,184,2021,930,938,-8,938
Week 9,80-84,male,2020,184,2020,871,938,-67,938
Week 9,80-84,male,2020,184,2021,930,938,-8,938
Week 9,85-89,female,2020,180,2021,1052,1165,-113,1165
Week 9,85-89,female,2020,180,2020,1059,1165,-106,1165
Week 9,85-89,female,2021,180,2021,1052,1165,-113,1165
Week 9,85-89,female,2021,180,2020,1059,1165,-106,1165
Week 9,85-89,male,2020,172,2020,956,942,14,942
Week 9,85-89,male,2020,172,2021,946,942,4,942
Week 9,85-89,male,2021,172,2020,956,942,14,942
Week 9,85-89,male,2021,172,2021,946,942,4,942
Week 9,90+,female,2021,256,2020,1528,1710,-182,1710
Week 9,90+,female,2021,256,2021,1558,1710,-152,1710
Week 9,90+,female,2020,256,2020,1528,1710,-182,1710
Week 9,90+,female,2020,256,2021,1558,1710,-152,1710
Week 9,90+,male,2021,155,2021,841,804,37,804
Week 9,90+,male,2021,155,2020,870,804,66,804
Week 9,90+,male,2020,155,2021,841,804,37,804
Week 9,90+,male,2020,155,2020,870,804,66,804
